,Metadata_plate_map_name,Metadata_control_type,Metadata_broad_sample,Metadata_mg_per_ml,Metadata_mmoles_per_liter,Metadata_solvent,Metadata_BRD ID,Metadata_BRD with batch,Metadata_Common Name,Metadata_MoA,Metadata_Plate,Metadata_Well,Metadata_Site_Count,Metadata_Count_Cells,Metadata_Count_CellsWithNuclei,Metadata_Count_Cytoplasm,Metadata_Count_FilterMaskedNuclei,Metadata_Count_MaskedNuclei,Metadata_Count_Nuclei,Metadata_Count_NucleiPassingFilter,Metadata_Count_PreCells,Metadata_Count_RunCellpose,Metadata_Count_SmallCells,Metadata_Object_Count,n_pos_pairs,n_total_pairs,average_precision
0,S-C-7314-04-CMP-001,trt,BRD-K62391742-001-19-9,4.3422,5.0,DMSO,K62391742,BRD-K62391742-001-03-0,venetoclax,BCL inhibitor,BR00122248_24h,A01,4,601,649,601,643,1546,559,627,649,1687,649,601,3,355,0.03283269034883086
1,S-C-7314-04-CMP-001,trt,BRD-K19477839-001-10-9,1.797,5.0,DMSO,K19477839,BRD-K19477839-001-07-6,SGX523,hepatocyte growth factor receptor inhibitor,BR00122248_24h,A02,4,607,631,607,630,1559,576,627,632,1708,632,607,3,355,0.010595584529750334
2,S-C-7314-04-CMP-001,trt,BRD-K54759182-003-09-8,1.6595,5.0,DMSO,K54759182,BRD-K54759182-003-08-0,dosulepin,tricyclic antidepressant,BR00122248_24h,A03,4,556,600,556,596,1360,510,583,602,1490,602,556,3,355,0.07645717093027336
3,S-C-7314-04-CMP-001,trt,BRD-K70642949-001-06-9,2.313,5.0,DMSO,K70642949,BRD-K70642949-001-04-5,GSK2334470,phosphoinositide dependent kinase inhibitor,BR00122248_24h,A04,4,564,603,564,597,1310,533,587,605,1420,605,564,3,355,0.367816091954023
4,S-C-7314-04-CMP-001,trt,BRD-K73397362-001-09-9,2.6031,5.0,DMSO,K73397362,BRD-K73397362-001-06-6,purmorphamine,smoothened receptor agonist,BR00122248_24h,A05,4,593,639,593,635,1324,545,617,640,1413,640,593,3,355,0.05734672304439745
5,S-C-7314-04-CMP-001,trt,BRD-K13606314-001-02-9,1.7411,5.0,DMSO,K13606314,BRD-K13606314-001-01-3,P5091,ubiquitin specific protease inhibitor,BR00122248_24h,A06,4,591,634,591,623,1260,560,617,637,1431,637,591,3,355,0.007592302562316712
6,S-C-7314-04-CMP-001,trt,BRD-K82941592-238-06-9,2.6182,5.0,DMSO,K82941592,BRD-K82941592-238-03-7,rosuvastatin,HMGCR inhibitor,BR00122248_24h,A07,4,490,533,490,519,992,467,513,536,1115,536,490,3,355,0.006870753971145706
7,S-C-7314-04-CMP-001,trt,BRD-K86718786-001-03-9,1.4917,5.0,DMSO,K86718786,BRD-K86718786-001-03-9,SGC-707,protein arginine N-methyltransferase inhibitor,BR00122248_24h,A08,4,638,693,638,688,1387,603,678,697,1541,697,638,3,355,0.01359234071098478
8,S-C-7314-04-CMP-001,trt,BRD-K02965346-001-01-8,2.8404,5.0,DMSO,K02965346,BRD-K02965346-001-07-5,SU-11274,hepatocyte growth factor receptor inhibitor,BR00122248_24h,A09,4,538,616,538,600,1254,460,584,619,1350,619,538,3,355,0.8666666666666667
9,S-C-7314-04-CMP-001,trt,BRD-K36234266-001-10-6,1.0702,5.0,DMSO,K36234266,BRD-K36234266-001-09-8,carmustine,DNA inhibitor,BR00122248_24h,A10,3,436,478,436,468,898,406,460,478,1012,478,436,3,355,0.012407598714416898
10,S-C-7314-04-CMP-001,trt,BRD-K72898849-001-03-9,2.5469,5.0,DMSO,K72898849,BRD-K72898849-001-01-8,BLU9931,FGFR inhibitor,BR00122248_24h,A11,4,526,552,526,548,1268,498,540,554,1379,554,526,3,355,0.015846550934598892
11,S-C-7314-04-CMP-001,trt,BRD-A87435144-001-01-6,2.3944,5.0,DMSO,A87435144,BRD-A87435144-001-01-6,AZD7545,pyruvate dehydrogenase kinase inhibitor,BR00122248_24h,A12,4,529,582,529,560,970,485,554,585,1111,585,529,3,355,0.08389724310776941
12,S-C-7314-04-CMP-001,trt,BRD-K94455792-001-01-8,2.7432,5.0,DMSO,K94455792,BRD-K94455792-001-01-8,ICG-001,beta-catenin inhibitor,BR00122248_24h,A13,4,533,573,533,570,1227,498,561,575,1334,575,533,3,355,0.02322929217152773
13,S-C-7314-04-CMP-001,trt,BRD-K01826510-001-09-9,1.8745,5.0,DMSO,K01826510,BRD-K01826510-300-06-9,hydroxyzine,antihistamine,BR00122248_24h,A14,4,578,633,578,624,1253,538,614,634,1372,634,578,3,355,0.032827580210416485
14,S-C-7314-04-CMP-001,trt,BRD-K09372874-001-02-9,2.2623,5.0,DMSO,K09372874,BRD-K09372874-001-01-0,merimepodib,inosine monophosphate dehydrogenase inhibitor,BR00122248_24h,A15,4,456,474,456,459,906,412,454,475,1005,475,456,3,355,0.46444444444444444
15,S-C-7314-04-CMP-001,trt,BRD-K06182768-001-02-3,1.6472,5.0,DMSO,K06182768,BRD-K06182768-001-06-4,A-366,histone lysine methyltransferase inhibitor,BR00122248_24h,A16,4,483,540,483,531,981,441,514,542,1080,542,483,3,355,0.017683719002490897
16,S-C-7314-04-CMP-001,trt,BRD-K53972329-001-12-9,1.5318,5.0,DMSO,K53972329,BRD-K53972329-001-07-0,ruxolitinib,JAK inhibitor,BR00122248_24h,A17,4,528,573,528,564,1001,485,550,577,1113,577,528,3,355,0.0372696954786507
17,S-C-7314-04-CMP-001,trt,BRD-K49669041-001-10-9,2.3568,5.0,DMSO,K49669041,BRD-K49669041-001-08-4,BX-912,pyruvate dehydrogenase kinase inhibitor,BR00122248_24h,A18,4,354,390,354,386,1044,332,383,393,1186,393,354,3,355,0.7777777777777777
18,S-C-7314-04-CMP-001,trt,BRD-K45909031-001-03-9,2.4849,5.0,DMSO,K45909031,BRD-K45909031-001-01-5,WZ4003,AMPK inhibitor,BR00122248_24h,A20,4,629,678,629,671,1424,571,652,682,1543,682,629,3,359,0.9166666666666666
19,S-C-7314-04-CMP-001,trt,BRD-K38627885-001-01-9,2.0674,5.0,DMSO,K38627885,BRD-K38627885-001-01-9,APY0201,phosphoinositide dependent kinase inhibitor,BR00122248_24h,A21,4,225,262,225,257,881,211,252,268,1133,268,225,3,355,0.2686868686868687
20,S-C-7314-04-CMP-001,trt,BRD-K99092662-001-02-9,1.5286,5.0,DMSO,K99092662,BRD-K99092662-001-01-1,PS178990,androgen receptor modulator,BR00122248_24h,A22,4,579,608,579,601,1179,542,593,611,1312,611,579,3,355,0.02005385487528345
21,S-C-7314-04-CMP-001,trt,BRD-K21728777-001-03-9,2.5179,5.0,DMSO,K21728777,BRD-K21728777-001-02-3,AMG900,Aurora kinase inhibitor,BR00122248_24h,A23,4,292,309,292,303,937,277,303,312,1089,312,292,3,355,0.13603540647565804
22,S-C-7314-04-CMP-001,trt,BRD-K75009076-001-04-9,1.8813,5.0,DMSO,K75009076,BRD-K75009076-001-02-1,SCH-900776,CHK inhibitor,BR00122248_24h,A24,4,397,421,397,420,980,383,420,426,1091,426,397,3,355,0.09406693711967545
23,S-C-7314-04-CMP-001,trt,BRD-K67578145-001-13-9,1.6719,5.0,DMSO,K67578145,BRD-K67578145-001-09-7,GDC-0879,RAF inhibitor,BR00122248_24h,B02,4,615,667,615,660,1250,583,653,671,1405,671,615,3,355,0.00853620454510038
24,S-C-7314-04-CMP-001,trt,BRD-K67578145-001-13-9,1.6719,5.0,DMSO,K67578145,BRD-K67578145-001-09-7,GDC-0879,RAF inhibitor,BR00122248_24h,B03,4,496,537,496,528,911,472,526,539,1023,539,496,3,355,0.014306818342002509
25,S-C-7314-04-CMP-001,trt,BRD-K56301217-001-02-5,4.0671,5.0,DMSO,K56301217,BRD-K56301217-001-07-4,ABT-737,BCL inhibitor,BR00122248_24h,B04,4,468,513,468,499,1005,437,493,524,1113,524,468,3,355,0.08846469622331692
26,S-C-7314-04-CMP-001,trt,BRD-K02965346-001-01-8,2.8404,5.0,DMSO,K02965346,BRD-K02965346-001-07-5,SU-11274,hepatocyte growth factor receptor inhibitor,BR00122248_24h,B05,4,543,604,543,596,1276,456,579,605,1351,605,543,3,355,0.8666666666666667
27,S-C-7314-04-CMP-001,trt,BRD-K54759182-003-09-8,1.6595,5.0,DMSO,K54759182,BRD-K54759182-003-08-0,dosulepin,tricyclic antidepressant,BR00122248_24h,B06,4,603,647,603,636,1282,550,628,651,1403,651,603,3,355,0.03971910442498678
28,S-C-7314-04-CMP-001,trt,BRD-K99433989-001-02-9,2.4503,5.0,DMSO,K99433989,BRD-K99433989-001-02-9,SAG,smoothened receptor agonist,BR00122248_24h,B07,4,564,612,564,606,1322,519,597,613,1418,613,564,3,355,0.5285714285714286
29,S-C-7314-04-CMP-001,trt,BRD-K45909031-001-03-9,2.4849,5.0,DMSO,K45909031,BRD-K45909031-001-01-5,WZ4003,AMPK inhibitor,BR00122248_24h,B08,4,517,564,517,559,1201,472,540,564,1299,564,517,3,359,0.9166666666666666
30,S-C-7314-04-CMP-001,trt,BRD-A22769835-300-05-7,1.9389,5.0,DMSO,A22769835,BRD-A22769835-300-05-7,homochlorcyclizine,antihistamine,BR00122248_24h,B09,4,530,559,530,554,1235,499,545,560,1374,560,530,3,355,0.04315875613747955
31,S-C-7314-04-CMP-001,trt,BRD-K98203492-001-06-9,2.0875,5.0,DMSO,K98203492,BRD-K98203492-003-04-1,GSK-J4,histone lysine demethylase inhibitor,BR00122248_24h,B10,4,435,473,435,463,984,409,457,475,1073,475,435,3,355,0.7555555555555555
32,S-C-7314-04-CMP-001,trt,BRD-K06883221-001-02-9,2.0725,5.0,DMSO,K06883221,BRD-K06883221-001-01-9,apratastat,tumor necrosis factor production inhibitor,BR00122248_24h,B11,4,602,652,602,633,1161,554,624,658,1325,658,602,3,355,0.010979161226211745
33,S-C-7314-04-CMP-001,trt,BRD-K66430217-001-05-9,1.6909,5.0,DMSO,K66430217,BRD-K66430217-001-03-8,KH-CB19,CDC inhibitor,BR00122248_24h,B12,4,575,636,575,626,1119,545,612,648,1238,648,575,3,355,0.03306282640647965
34,S-C-7314-04-CMP-001,trt,BRD-K84937637-001-21-9,4.5709,5.0,DMSO,K84937637,BRD-K84937637-001-11-5,sirolimus,mTOR inhibitor,BR00122248_24h,B13,4,527,560,527,553,1245,495,551,564,1333,564,527,3,355,0.20222854433380752
35,S-C-7314-04-CMP-001,trt,BRD-K93942811-001-03-9,1.9224,5.0,DMSO,K93942811,BRD-K93942811-001-01-3,ML-323,ubiquitin specific protease inhibitor,BR00122248_24h,B14,4,618,660,618,653,1395,571,641,661,1516,661,618,3,355,0.03379386191016256
36,S-C-7314-04-CMP-001,trt,BRD-A53576514-048-02-8,2.3075,5.0,DMSO,A53576514,BRD-A53576514-048-14-3,orphenadrine,acetylcholine receptor antagonist,BR00122248_24h,B15,4,531,575,531,565,1068,485,549,576,1208,576,531,3,355,0.03512767425810904
37,S-C-7314-04-CMP-001,trt,BRD-K56932272-001-02-9,2.4378,5.0,DMSO,K56932272,BRD-K56932272-001-02-9,BMS-566419,inosine monophosphate dehydrogenase inhibitor,BR00122248_24h,B17,4,571,618,571,604,1184,504,596,622,1312,622,571,3,355,0.0518811860359934
38,S-C-7314-04-CMP-001,trt,BRD-K24600306-003-02-9,2.3445,5.0,DMSO,K24600306,BRD-K24600306-003-02-9,ML-298,phospholipase inhibitor,BR00122248_24h,B18,4,551,591,551,581,1229,514,573,592,1358,592,551,3,355,0.10790937996820349
39,S-C-7314-04-CMP-001,trt,BRD-M87138257-003-01-1,2.3499,5.0,DMSO,M87138257,BRD-M87138257-003-01-1,acriflavine,hypoxia inducible factor inhibitor,BR00122248_24h,B19,4,109,150,109,128,195,99,128,229,280,229,109,3,355,1.0
40,S-C-7314-04-CMP-001,trt,BRD-K09372874-001-02-9,2.2623,5.0,DMSO,K09372874,BRD-K09372874-001-01-0,merimepodib,inosine monophosphate dehydrogenase inhibitor,BR00122248_24h,B20,4,450,492,450,478,890,416,470,498,1010,498,450,3,355,0.7435897435897436
41,S-C-7314-04-CMP-001,trt,BRD-K76908866-001-08-9,2.3477,5.0,DMSO,K76908866,BRD-K76908866-001-07-6,CP-724714,EGFR inhibitor,BR00122248_24h,B21,4,610,668,610,658,1336,537,642,668,1430,668,610,3,355,0.23174603174603173
42,S-C-7314-04-CMP-001,trt,BRD-K64881305-001-07-9,2.5853,5.0,DMSO,K64881305,BRD-K64881305-001-05-2,ispinesib,kinesin inhibitor,BR00122248_24h,B22,4,148,189,148,169,261,136,169,267,284,267,148,3,355,1.0
43,S-C-7314-04-CMP-001,trt,BRD-K49669041-001-10-9,2.3568,5.0,DMSO,K49669041,BRD-K49669041-001-08-4,BX-912,pyruvate dehydrogenase kinase inhibitor,BR00122248_24h,B24,4,342,385,342,381,1003,319,377,389,1151,389,342,3,355,0.7555555555555555
44,S-C-7314-04-CMP-001,trt,BRD-K72951360-001-02-9,3.6182,5.0,DMSO,K72951360,BRD-K72951360-001-01-4,valrubicin,DNA inhibitor,BR00122248_24h,C01,4,204,222,204,217,488,201,216,226,554,226,204,3,355,1.0
45,S-C-7314-04-CMP-001,trt,BRD-K16189898-001-26-9,2.3267,5.0,DMSO,K16189898,BRD-K16189898-003-03-3,CHIR-99021,glycogen synthase kinase inhibitor,BR00122248_24h,C02,4,400,437,400,432,962,363,423,438,1066,438,400,3,355,0.3666666666666667
46,S-C-7314-04-CMP-001,trt,BRD-M87138257-003-01-1,2.3499,5.0,DMSO,M87138257,BRD-M87138257-003-01-1,acriflavine,hypoxia inducible factor inhibitor,BR00122248_24h,C03,4,129,158,129,145,213,128,145,216,296,216,129,3,355,1.0
47,S-C-7314-04-CMP-001,trt,BRD-K99433989-001-02-9,2.4503,5.0,DMSO,K99433989,BRD-K99433989-001-02-9,SAG,smoothened receptor agonist,BR00122248_24h,C04,4,611,648,611,643,1432,555,634,648,1547,648,611,3,355,0.5444444444444444
48,S-C-7314-04-CMP-001,trt,BRD-K85776940-001-01-9,1.983,5.0,DMSO,K85776940,BRD-K85776940-001-01-9,delta-Tocotrienol,HMGCR inhibitor,BR00122248_24h,C05,4,545,601,545,588,1109,498,577,605,1253,605,545,3,355,0.035840455840455844
49,S-C-7314-04-CMP-001,trt,BRD-K70578146-001-13-9,0.16697,0.133,DMSO,K70578146,BRD-K70578146-001-09-1,DACTINOMYCIN,Apoptosis inducer (transcription inhibitor),BR00122248_24h,C07,4,243,263,243,256,557,233,255,286,645,286,243,3,359,0.16477272727272727
50,S-C-7314-04-CMP-001,trt,BRD-K97452254-001-02-9,2.3578,5.0,DMSO,K97452254,BRD-K97452254-001-01-3,AMG-925,CDK inhibitor,BR00122248_24h,C08,4,497,543,497,542,1177,445,525,545,1284,545,497,3,355,0.03800418569254185
51,S-C-7314-04-CMP-001,trt,BRD-K68756823-001-12-9,1.6367,5.0,DMSO,K68756823,BRD-K68756823-001-07-1,FR-180204,MAP kinase inhibitor,BR00122248_24h,C09,4,515,567,515,555,1040,459,544,570,1176,570,515,3,355,0.02626891992899187
52,S-C-7314-04-CMP-001,trt,BRD-K60130390-001-02-1,2.7335,5.0,DMSO,K60130390,BRD-K60130390-001-02-1,UNC0642,histone lysine methyltransferase inhibitor,BR00122248_24h,C10,4,556,594,556,589,1242,516,576,598,1353,598,556,3,355,0.8055555555555555
53,S-C-7314-04-CMP-001,trt,BRD-K98203492-001-06-9,2.0875,5.0,DMSO,K98203492,BRD-K98203492-003-04-1,GSK-J4,histone lysine demethylase inhibitor,BR00122248_24h,C11,4,353,389,353,384,757,329,381,394,828,394,353,3,355,0.7555555555555555
54,S-C-7314-04-CMP-001,trt,BRD-K57080016-001-19-1,2.2884,5.0,DMSO,K57080016,BRD-K57080016-001-01-9,selumetinib,MEK inhibitor,BR00122248_24h,C12,4,541,594,541,578,1075,508,575,598,1203,598,541,3,355,0.08657407407407407
55,S-C-7314-04-CMP-001,trt,BRD-K39520573-001-01-2,2.6047,5.0,DMSO,K39520573,BRD-K39520573-001-03-8,GW-5074,RAF inhibitor,BR00122248_24h,C13,4,554,623,554,599,1031,495,584,631,1149,631,554,3,355,0.7222222222222222
56,S-C-7314-04-CMP-001,trt,BRD-K61397605-001-04-2,2.7035,5.0,DMSO,K61397605,BRD-K61397605-001-07-5,romidepsin,HDAC inhibitor,BR00122248_24h,C14,4,280,315,280,304,614,266,303,329,834,329,280,3,355,1.0
57,S-C-7314-04-CMP-001,trt,BRD-K61688984-001-04-5,1.812,5.0,DMSO,K61688984,BRD-K61688984-001-02-9,RGFP966,HDAC inhibitor,BR00122248_24h,C15,4,457,504,457,481,840,415,477,515,942,515,457,3,355,0.8095238095238096
58,S-C-7314-04-CMP-001,trt,BRD-K37379014-001-02-0,2.1024,5.0,DMSO,K37379014,BRD-K37379014-001-01-2,filanesib,kinesin inhibitor,BR00122248_24h,C16,4,105,140,105,124,197,98,124,247,258,247,105,3,355,1.0
59,S-C-7314-04-CMP-001,trt,BRD-K19477839-001-10-9,1.797,5.0,DMSO,K19477839,BRD-K19477839-001-07-6,SGX523,hepatocyte growth factor receptor inhibitor,BR00122248_24h,C17,4,487,529,487,517,943,447,509,530,1031,530,487,3,355,0.06301863994171686
60,S-C-7314-04-CMP-001,trt,BRD-K28936863-051-14-0,2.1275,5.0,DMSO,K28936863,BRD-K28936863-051-32-2,ketotifen,phosphodiesterase inhibitor,BR00122248_24h,C18,4,532,581,532,572,1192,480,556,582,1306,582,532,3,355,0.40131578947368424
61,S-C-7314-04-CMP-001,trt,BRD-K67772619-001-06-9,1.4213,5.0,DMSO,K67772619,BRD-K67772619-001-05-1,rheochrysidin,protein tyrosine kinase inhibitor,BR00122248_24h,C19,4,544,596,544,579,981,486,569,603,1090,603,544,3,355,1.0
62,S-C-7314-04-CMP-001,trt,BRD-A53576514-048-02-8,2.3075,5.0,DMSO,A53576514,BRD-A53576514-048-14-3,orphenadrine,acetylcholine receptor antagonist,BR00122248_24h,C20,4,556,611,556,601,1206,511,590,614,1320,614,556,3,355,0.028358416945373468
63,S-C-7314-04-CMP-001,trt,BRD-K91900765-001-09-9,2.1813,5.0,DMSO,K91900765,BRD-K91900765-001-08-4,VX-745,p38 MAPK inhibitor,BR00122248_24h,C21,4,578,632,578,616,1124,543,606,634,1249,634,578,3,355,0.013325207490652344
64,S-C-7314-04-CMP-001,trt,BRD-K56301217-001-02-5,4.0671,5.0,DMSO,K56301217,BRD-K56301217-001-07-4,ABT-737,BCL inhibitor,BR00122248_24h,C22,4,524,568,524,560,1097,500,557,575,1218,575,524,3,355,0.14523809523809525
65,S-C-7314-04-CMP-001,trt,BRD-K23383398-001-08-1,2.4067,5.0,DMSO,K23383398,BRD-K23383398-001-09-9,T-0901317,LXR agonist,BR00122248_24h,C23,4,625,655,625,647,1227,586,641,658,1377,658,625,3,355,0.3333333333333333
66,S-C-7314-04-CMP-001,trt,BRD-K24696047-001-03-9,2.1978,5.0,DMSO,K24696047,BRD-K24696047-001-02-3,NVP-AEW541,IGF-1 inhibitor,BR00122248_24h,C24,4,477,517,477,504,1016,415,495,519,1096,519,477,3,355,1.0
67,S-C-7314-04-CMP-001,trt,BRD-K00818915-001-02-9,1.7613,5.0,DMSO,K00818915,BRD-K00818915-003-01-8,SHP099,protein tyrosine kinase inhibitor,BR00122248_24h,D01,4,537,587,537,575,1174,513,570,589,1289,589,537,3,355,0.41230936819172115
68,S-C-7314-04-CMP-001,trt,BRD-K39974922-001-05-9,2.1343,5.0,DMSO,K39974922,BRD-K39974922-001-04-3,lenvatinib,FGFR inhibitor,BR00122248_24h,D02,4,581,635,581,631,1424,535,620,635,1557,635,581,3,355,0.4083333333333334
69,S-C-7314-04-CMP-001,trt,BRD-K61397605-001-04-2,2.7035,5.0,DMSO,K61397605,BRD-K61397605-001-07-5,romidepsin,HDAC inhibitor,BR00122248_24h,D03,4,239,266,239,260,525,229,260,283,736,283,239,3,355,1.0
70,S-C-7314-04-CMP-001,trt,BRD-K50055394-001-04-9,2.0844,5.0,DMSO,K50055394,BRD-K50055394-001-03-6,halopemide,phospholipase inhibitor,BR00122248_24h,D04,4,530,619,530,599,1101,462,584,626,1227,626,530,3,355,0.10951765719207579
71,S-C-7314-04-CMP-001,trt,BRD-K49669041-001-10-9,2.3568,5.0,DMSO,K49669041,BRD-K49669041-001-08-4,BX-912,pyruvate dehydrogenase kinase inhibitor,BR00122248_24h,D05,4,394,428,394,422,1101,367,418,429,1223,429,394,3,355,0.12426900584795321
72,S-C-7314-04-CMP-001,trt,BRD-A12994259-001-11-9,1.3662,5.0,DMSO,A12994259,BRD-A12994259-001-02-1,pomalidomide,tumor necrosis factor production inhibitor,BR00122248_24h,D06,4,531,576,531,566,1097,488,553,583,1244,583,531,3,355,0.0181549835123923
73,S-C-7314-04-CMP-001,trt,BRD-K73982490-001-04-9,1.8969,5.0,DMSO,K73982490,BRD-K73982490-001-02-9,BI-78D3,JNK inhibitor,BR00122248_24h,D07,4,474,514,474,501,923,424,493,517,1058,517,474,3,355,0.12701884107023528
74,S-C-7314-04-CMP-001,trt,BRD-K19871656-001-01-3,1.8291,5.0,DMSO,K19871656,BRD-K19871656-001-01-3,CPI-0610,bromodomain inhibitor,BR00122248_24h,D08,4,484,553,484,523,818,429,515,573,932,573,484,3,355,0.8333333333333334
75,S-C-7314-04-CMP-001,trt,BRD-K68756823-001-12-9,1.6367,5.0,DMSO,K68756823,BRD-K68756823-001-07-1,FR-180204,MAP kinase inhibitor,BR00122248_24h,D09,4,592,644,592,634,1231,548,623,644,1371,644,592,3,355,0.014720383470656337
76,S-C-7314-04-CMP-001,trt,BRD-K63631219-001-01-6,1.1784,5.0,DMSO,K63631219,BRD-K63631219-001-01-6,quazinone,phosphodiesterase inhibitor,BR00122248_24h,D11,4,558,600,558,590,1073,534,583,606,1217,606,558,3,355,0.020134647358310147
77,S-C-7314-04-CMP-001,trt,BRD-K99113996-001-02-0,2.3127,5.0,DMSO,K99113996,BRD-K99113996-001-02-0,AZD2014,mTOR inhibitor,BR00122248_24h,D12,4,348,370,348,362,782,325,357,374,903,374,348,3,355,0.9166666666666666
78,S-C-7314-04-CMP-001,trt,BRD-K99113996-001-02-0,2.3127,5.0,DMSO,K99113996,BRD-K99113996-001-02-0,AZD2014,mTOR inhibitor,BR00122248_24h,D13,4,386,406,386,403,900,366,401,410,1021,410,386,3,355,0.8333333333333334
79,S-C-7314-04-CMP-001,trt,BRD-K01826510-001-09-9,1.8745,5.0,DMSO,K01826510,BRD-K01826510-300-06-9,hydroxyzine,antihistamine,BR00122248_24h,D14,4,561,594,561,584,1085,528,571,598,1218,598,561,3,355,0.022485948037217346
80,S-C-7314-04-CMP-001,trt,BRD-K37379014-001-02-0,2.1024,5.0,DMSO,K37379014,BRD-K37379014-001-01-2,filanesib,kinesin inhibitor,BR00122248_24h,D15,4,100,136,100,118,187,93,118,244,247,244,100,3,355,1.0
81,S-C-7314-04-CMP-001,trt,BRD-K98251413-001-07-9,1.7617,5.0,DMSO,K98251413,BRD-K98251413-001-04-0,IOX2,hypoxia inducible factor inhibitor,BR00122248_24h,D16,4,517,567,517,554,1008,487,549,572,1154,572,517,3,355,0.0231511839708561
82,S-C-7314-04-CMP-001,trt,BRD-K44227013-001-15-9,2.6628,5.0,DMSO,K44227013,BRD-K44227013-001-08-0,ponatinib,Bcr-Abl kinase inhibitor,BR00122248_24h,D17,4,144,151,144,147,355,137,147,164,419,164,144,3,355,1.0
83,S-C-7314-04-CMP-001,trt,BRD-K20290250-001-03-9,2.0624,5.0,DMSO,K20290250,BRD-K20290250-001-02-1,BIX-02188,MEK inhibitor,BR00122248_24h,D18,4,573,618,573,608,1250,523,602,621,1391,621,573,3,355,0.05913380913380913
84,S-C-7314-04-CMP-001,trt,BRD-K24696047-001-03-9,2.1978,5.0,DMSO,K24696047,BRD-K24696047-001-02-3,NVP-AEW541,IGF-1 inhibitor,BR00122248_24h,D19,4,475,536,475,516,936,408,505,538,1005,538,475,3,355,1.0
85,S-C-7314-04-CMP-001,trt,BRD-K00818915-001-02-9,1.7613,5.0,DMSO,K00818915,BRD-K00818915-003-01-8,SHP099,protein tyrosine kinase inhibitor,BR00122248_24h,D20,4,605,658,605,650,1232,547,638,660,1359,660,605,3,355,0.05167811200309508
86,S-C-7314-04-CMP-001,trt,BRD-K03063480-001-08-9,2.0974,5.0,DMSO,K03063480,BRD-K03063480-001-06-6,PF-477736,CHK inhibitor,BR00122248_24h,D21,4,188,215,188,206,433,180,206,225,510,225,188,3,355,0.8666666666666667
87,S-C-7314-04-CMP-001,trt,BRD-K24696047-001-03-9,2.1978,5.0,DMSO,K24696047,BRD-K24696047-001-02-3,NVP-AEW541,IGF-1 inhibitor,BR00122248_24h,D22,4,457,520,457,506,976,397,498,521,1068,521,457,3,355,1.0
88,S-C-7314-04-CMP-001,trt,BRD-K54759182-003-09-8,1.6595,5.0,DMSO,K54759182,BRD-K54759182-003-08-0,dosulepin,tricyclic antidepressant,BR00122248_24h,D23,4,614,655,614,650,1333,561,636,656,1487,656,614,3,355,0.00712765718937666
89,S-C-7314-04-CMP-001,trt,BRD-K99092662-001-02-9,1.5286,5.0,DMSO,K99092662,BRD-K99092662-001-01-1,PS178990,androgen receptor modulator,BR00122248_24h,D24,4,574,620,574,611,1091,525,601,624,1246,624,574,3,355,0.014617835438268875
90,S-C-7314-04-CMP-001,trt,BRD-K00818915-001-02-9,1.7613,5.0,DMSO,K00818915,BRD-K00818915-003-01-8,SHP099,protein tyrosine kinase inhibitor,BR00122248_24h,E01,4,580,618,580,612,1230,525,601,619,1371,619,580,3,355,0.021789974731151202
91,S-C-7314-04-CMP-001,trt,BRD-K39974922-001-05-9,2.1343,5.0,DMSO,K39974922,BRD-K39974922-001-04-3,lenvatinib,FGFR inhibitor,BR00122248_24h,E02,4,466,518,466,514,1133,425,507,523,1247,523,466,3,355,0.4588235294117647
92,S-C-7314-04-CMP-001,trt,BRD-K19871656-001-01-3,1.8291,5.0,DMSO,K19871656,BRD-K19871656-001-01-3,CPI-0610,bromodomain inhibitor,BR00122248_24h,E03,4,504,561,504,539,823,449,526,578,938,578,504,3,355,0.4281609195402299
93,S-C-7314-04-CMP-001,trt,BRD-K98203492-001-06-9,2.0875,5.0,DMSO,K98203492,BRD-K98203492-003-04-1,GSK-J4,histone lysine demethylase inhibitor,BR00122248_24h,E04,4,435,488,435,478,1011,409,476,490,1121,490,435,3,355,0.3422544508513406
94,S-C-7314-04-CMP-001,trt,BRD-K28936863-051-14-0,2.1275,5.0,DMSO,K28936863,BRD-K28936863-051-32-2,ketotifen,phosphodiesterase inhibitor,BR00122248_24h,E05,4,575,621,575,614,1290,540,609,622,1427,622,575,3,355,0.08946360153256705
95,S-C-7314-04-CMP-001,trt,BRD-K04923131-001-17-9,1.7809,5.0,DMSO,K04923131,BRD-K04923131-001-15-4,GSK-3-inhibitor-IX,glycogen synthase kinase inhibitor,BR00122248_24h,E06,4,346,369,346,363,856,293,363,370,978,370,346,3,355,1.0
96,S-C-7314-04-CMP-001,trt,BRD-K36234266-001-10-6,1.0702,5.0,DMSO,K36234266,BRD-K36234266-001-09-8,carmustine,DNA inhibitor,BR00122248_24h,E07,4,489,527,489,513,961,462,509,529,1109,529,489,3,355,0.03903559650758127
97,S-C-7314-04-CMP-001,trt,BRD-K44227013-001-15-9,2.6628,5.0,DMSO,K44227013,BRD-K44227013-001-08-0,ponatinib,Bcr-Abl kinase inhibitor,BR00122248_24h,E08,4,148,165,148,158,370,138,158,194,444,194,148,3,355,1.0
98,S-C-7314-04-CMP-001,trt,BRD-K85606544-001-07-5,2.7852,5.0,DMSO,K85606544,BRD-K85606544-001-09-1,neratinib,EGFR inhibitor,BR00122248_24h,E09,4,330,365,330,358,846,295,354,366,933,366,330,3,355,0.05509284794999081
99,S-C-7314-04-CMP-001,trt,BRD-K13094524-001-10-9,1.7369,5.0,DMSO,K13094524,BRD-K13094524-001-04-2,PFI-1,bromodomain inhibitor,BR00122248_24h,E10,4,523,590,523,559,849,472,554,612,960,612,523,3,355,0.8055555555555555
100,S-C-7314-04-CMP-001,trt,BRD-K83607951-001-04-9,2.1271,5.0,DMSO,K83607951,BRD-K83607951-001-02-2,skepinone-l,p38 MAPK inhibitor,BR00122248_24h,E11,4,523,585,523,566,1060,478,561,595,1219,595,523,3,355,0.07301587301587302
101,S-C-7314-04-CMP-001,trt,BRD-M87138257-003-01-1,2.3499,5.0,DMSO,M87138257,BRD-M87138257-003-01-1,acriflavine,hypoxia inducible factor inhibitor,BR00122248_24h,E12,4,121,156,121,138,191,113,138,239,301,239,121,3,355,1.0
102,S-C-7314-04-CMP-001,trt,BRD-K76908866-001-08-9,2.3477,5.0,DMSO,K76908866,BRD-K76908866-001-07-6,CP-724714,EGFR inhibitor,BR00122248_24h,E14,4,538,584,538,571,1133,489,564,585,1226,585,538,3,355,0.2528138528138528
103,S-C-7314-04-CMP-001,trt,BRD-K24696047-001-03-9,2.1978,5.0,DMSO,K24696047,BRD-K24696047-001-02-3,NVP-AEW541,IGF-1 inhibitor,BR00122248_24h,E15,4,500,555,500,538,1080,442,530,556,1189,556,500,3,355,1.0
104,S-C-7314-04-CMP-001,trt,BRD-K54759182-003-09-8,1.6595,5.0,DMSO,K54759182,BRD-K54759182-003-08-0,dosulepin,tricyclic antidepressant,BR00122248_24h,E16,4,618,684,618,677,1308,562,668,691,1459,691,618,3,355,0.008826448860010596
105,S-C-7314-04-CMP-001,trt,BRD-K84937637-001-21-9,4.5709,5.0,DMSO,K84937637,BRD-K84937637-001-11-5,sirolimus,mTOR inhibitor,BR00122248_24h,E17,4,578,624,578,616,1489,553,612,624,1616,624,578,3,355,0.07839640198511166
106,S-C-7314-04-CMP-001,trt,BRD-K88677950-001-04-9,2.3812,5.0,DMSO,K88677950,BRD-K88677950-001-03-9,PD-198306,MAP kinase inhibitor,BR00122248_24h,E18,4,563,615,563,605,1096,521,593,623,1240,623,563,3,355,0.0941919191919192
107,S-C-7314-04-CMP-001,trt,BRD-K03063480-001-08-9,2.0974,5.0,DMSO,K03063480,BRD-K03063480-001-06-6,PF-477736,CHK inhibitor,BR00122248_24h,E19,4,189,205,189,198,382,177,198,223,454,223,189,3,355,0.8055555555555555
108,S-C-7314-04-CMP-001,trt,BRD-K09372874-001-02-9,2.2623,5.0,DMSO,K09372874,BRD-K09372874-001-01-0,merimepodib,inosine monophosphate dehydrogenase inhibitor,BR00122248_24h,E20,4,451,481,451,472,877,424,466,485,971,485,451,3,355,0.3412037037037037
109,S-C-7314-04-CMP-001,trt,BRD-K69023402-001-03-3,0.2167,0.333,DMSO,K69023402,BRD-K69023402-001-07-4,Thapsigargin,ER stressor (SERCA inhibitor),BR00122248_24h,E21,4,243,252,243,250,577,236,249,263,690,263,243,3,359,0.9166666666666666
110,S-C-7314-04-CMP-001,trt,BRD-K56932272-001-02-9,2.4378,5.0,DMSO,K56932272,BRD-K56932272-001-02-9,BMS-566419,inosine monophosphate dehydrogenase inhibitor,BR00122248_24h,E22,4,531,586,531,581,1172,481,570,589,1276,589,531,3,355,0.08124999999999999
111,S-C-7314-04-CMP-001,trt,BRD-K32730239-001-03-9,1.3065,5.0,DMSO,K32730239,BRD-K32730239-001-01-0,SU3327,JNK inhibitor,BR00122248_24h,E23,4,254,278,254,271,489,252,271,304,575,304,254,3,355,0.009744728977689857
112,S-C-7314-04-CMP-001,trt,BRD-K16189898-001-26-9,2.3267,5.0,DMSO,K16189898,BRD-K16189898-003-03-3,CHIR-99021,glycogen synthase kinase inhibitor,BR00122248_24h,F01,4,483,523,483,518,1241,445,510,525,1367,525,483,3,355,0.059290382819794575
113,S-C-7314-04-CMP-001,trt,BRD-K73982490-001-04-9,1.8969,5.0,DMSO,K73982490,BRD-K73982490-001-02-9,BI-78D3,JNK inhibitor,BR00122248_24h,F02,4,581,642,581,633,1272,539,622,644,1399,644,581,3,355,0.01370179974716551
114,S-C-7314-04-CMP-001,trt,BRD-K86718786-001-03-9,1.4917,5.0,DMSO,K86718786,BRD-K86718786-001-03-9,SGC-707,protein arginine N-methyltransferase inhibitor,BR00122248_24h,F03,4,590,638,590,634,1247,551,625,643,1405,643,590,3,355,0.08648790746582545
115,S-C-7314-04-CMP-001,trt,BRD-K61397605-001-04-2,2.7035,5.0,DMSO,K61397605,BRD-K61397605-001-07-5,romidepsin,HDAC inhibitor,BR00122248_24h,F04,4,242,259,242,253,528,227,251,280,740,280,242,3,355,1.0
116,S-C-7314-04-CMP-001,trt,BRD-K56301217-001-02-5,4.0671,5.0,DMSO,K56301217,BRD-K56301217-001-07-4,ABT-737,BCL inhibitor,BR00122248_24h,F05,4,522,555,522,548,1167,487,548,556,1303,556,522,3,355,0.39987789987789985
117,S-C-7314-04-CMP-001,trt,BRD-K70642949-001-06-9,2.313,5.0,DMSO,K70642949,BRD-K70642949-001-04-5,GSK2334470,phosphoinositide dependent kinase inhibitor,BR00122248_24h,F06,4,420,442,420,438,950,401,437,443,1056,443,420,3,355,1.0
118,S-C-7314-04-CMP-001,trt,BRD-K91900765-001-09-9,2.1813,5.0,DMSO,K91900765,BRD-K91900765-001-08-4,VX-745,p38 MAPK inhibitor,BR00122248_24h,F07,4,581,637,581,625,1282,523,612,638,1391,638,581,3,355,0.18152309612983772
119,S-C-7314-04-CMP-001,trt,BRD-A22769835-300-05-7,1.9389,5.0,DMSO,A22769835,BRD-A22769835-300-05-7,homochlorcyclizine,antihistamine,BR00122248_24h,F08,4,610,661,610,654,1327,538,635,664,1404,664,610,3,355,0.04970226661544371
120,S-C-7314-04-CMP-001,trt,BRD-K94455792-001-01-8,2.7432,5.0,DMSO,K94455792,BRD-K94455792-001-01-8,ICG-001,beta-catenin inhibitor,BR00122248_24h,F09,4,480,521,480,514,1083,443,505,526,1203,526,480,3,355,0.12678630774343638
121,S-C-7314-04-CMP-001,trt,BRD-K12737986-001-01-4,1.2215,5.0,DMSO,K12737986,BRD-K12737986-001-01-4,veliparib,PARP inhibitor,BR00122248_24h,F10,4,589,652,589,633,1219,532,613,655,1387,655,589,3,355,0.05246170002470966
122,S-C-7314-04-CMP-001,trt,BRD-K64881305-001-07-9,2.5853,5.0,DMSO,K64881305,BRD-K64881305-001-05-2,ispinesib,kinesin inhibitor,BR00122248_24h,F11,4,152,177,152,164,283,145,164,253,325,253,152,3,355,1.0
123,S-C-7314-04-CMP-001,trt,BRD-K66401437-001-03-3,2.8303,5.0,DMSO,K66401437,BRD-K66401437-001-03-3,THZ1,CDK inhibitor,BR00122248_24h,F12,4,91,104,91,97,214,90,97,146,292,146,91,3,355,1.0
124,S-C-7314-04-CMP-001,trt,BRD-K21728777-001-03-9,2.5179,5.0,DMSO,K21728777,BRD-K21728777-001-02-3,AMG900,Aurora kinase inhibitor,BR00122248_24h,F13,4,286,299,286,298,972,281,298,301,1115,301,286,3,355,0.42013888888888884
125,S-C-7314-04-CMP-001,trt,BRD-K85606544-001-07-5,2.7852,5.0,DMSO,K85606544,BRD-K85606544-001-09-1,neratinib,EGFR inhibitor,BR00122248_24h,F14,4,318,359,318,351,824,293,347,369,908,369,318,3,355,0.5666666666666667
126,S-C-7314-04-CMP-001,trt,BRD-K13606314-001-02-9,1.7411,5.0,DMSO,K13606314,BRD-K13606314-001-01-3,P5091,ubiquitin specific protease inhibitor,BR00122248_24h,F15,4,497,534,497,522,927,443,513,537,1038,537,497,3,355,0.180068407960199
127,S-C-7314-04-CMP-001,trt,BRD-K82164249-001-03-5,2.2068,5.0,DMSO,K82164249,BRD-K82164249-001-03-5,andarine,androgen receptor modulator,BR00122248_24h,F16,4,536,600,536,582,963,486,575,606,1107,606,536,3,355,0.03800136542072026
128,S-C-7314-04-CMP-001,trt,BRD-K23383398-001-08-1,2.4067,5.0,DMSO,K23383398,BRD-K23383398-001-09-9,T-0901317,LXR agonist,BR00122248_24h,F17,4,524,562,524,547,964,480,540,568,1056,568,524,3,355,0.019307550298820364
129,S-C-7314-04-CMP-001,trt,BRD-K37379014-001-02-0,2.1024,5.0,DMSO,K37379014,BRD-K37379014-001-01-2,filanesib,kinesin inhibitor,BR00122248_24h,F18,4,92,142,92,119,195,89,119,232,257,232,92,3,355,1.0
130,S-C-7314-04-CMP-001,trt,BRD-K83607951-001-04-9,2.1271,5.0,DMSO,K83607951,BRD-K83607951-001-02-2,skepinone-l,p38 MAPK inhibitor,BR00122248_24h,F19,4,469,531,469,510,951,426,500,534,1088,534,469,3,355,0.040424352924352924
131,S-C-7314-04-CMP-001,trt,BRD-K88677950-001-04-9,2.3812,5.0,DMSO,K88677950,BRD-K88677950-001-03-9,PD-198306,MAP kinase inhibitor,BR00122248_24h,F20,4,576,630,576,619,1066,529,607,634,1170,634,576,3,355,0.03025102133793402
132,S-C-7314-04-CMP-001,trt,BRD-K17953061-001-05-1,0.012596,0.027,DMSO,K17953061,BRD-K17953061-001-14-3,Staurosporine,Apoptosis inducer (ATP-competitive kinase inhibitor),BR00122248_24h,F22,4,309,370,309,352,691,269,349,392,786,392,309,3,359,0.5777777777777778
133,S-C-7314-04-CMP-001,trt,BRD-K19871656-001-01-3,1.8291,5.0,DMSO,K19871656,BRD-K19871656-001-01-3,CPI-0610,bromodomain inhibitor,BR00122248_24h,F23,4,439,489,439,469,740,389,465,506,874,506,439,3,355,0.5833333333333334
134,S-C-7314-04-CMP-001,trt,BRD-K23383398-001-08-1,2.4067,5.0,DMSO,K23383398,BRD-K23383398-001-09-9,T-0901317,LXR agonist,BR00122248_24h,F24,4,599,643,599,637,1197,576,630,644,1308,644,599,3,355,0.06787545787545787
135,S-C-7314-04-CMP-001,trt,BRD-K86718786-001-03-9,1.4917,5.0,DMSO,K86718786,BRD-K86718786-001-03-9,SGC-707,protein arginine N-methyltransferase inhibitor,BR00122248_24h,G01,4,594,645,594,633,1307,551,627,645,1492,645,594,3,355,0.12747248022015825
136,S-C-7314-04-CMP-001,trt,BRD-K20290250-001-03-9,2.0624,5.0,DMSO,K20290250,BRD-K20290250-001-02-1,BIX-02188,MEK inhibitor,BR00122248_24h,G02,4,507,532,507,527,1201,476,522,533,1325,533,507,3,355,0.6712749615975423
137,S-C-7314-04-CMP-001,trt,BRD-K72951360-001-02-9,3.6182,5.0,DMSO,K72951360,BRD-K72951360-001-01-4,valrubicin,DNA inhibitor,BR00122248_24h,G04,4,209,227,209,219,472,205,219,236,540,236,209,3,355,1.0
138,S-C-7314-04-CMP-001,trt,BRD-K53665955-001-05-9,2.3097,5.0,DMSO,K53665955,BRD-K53665955-001-03-0,MK-5108,Aurora kinase inhibitor,BR00122248_24h,G05,4,475,514,475,507,1061,442,502,517,1213,517,475,3,355,0.07885802469135803
139,S-C-7314-04-CMP-001,trt,BRD-K82164249-001-03-5,2.2068,5.0,DMSO,K82164249,BRD-K82164249-001-03-5,andarine,androgen receptor modulator,BR00122248_24h,G06,4,584,629,584,622,1149,538,606,632,1302,632,584,3,355,0.021481910674837634
140,S-C-7314-04-CMP-001,trt,BRD-K06182768-001-02-3,1.6472,5.0,DMSO,K06182768,BRD-K06182768-001-06-4,A-366,histone lysine methyltransferase inhibitor,BR00122248_24h,G07,4,509,541,509,531,1059,473,526,545,1181,545,509,3,355,0.016172361917042768
141,S-C-7314-04-CMP-001,trt,BRD-K62391742-001-19-9,4.3422,5.0,DMSO,K62391742,BRD-K62391742-001-03-0,venetoclax,BCL inhibitor,BR00122248_24h,G08,4,541,576,541,572,1211,502,566,578,1319,578,541,3,355,0.04281751387014545
142,S-C-7314-04-CMP-001,trt,BRD-K60130390-001-02-1,2.7335,5.0,DMSO,K60130390,BRD-K60130390-001-02-1,UNC0642,histone lysine methyltransferase inhibitor,BR00122248_24h,G09,4,529,589,529,578,1182,479,562,590,1282,590,529,3,355,1.0
143,S-C-7314-04-CMP-001,trt,BRD-K00818915-001-02-9,1.7613,5.0,DMSO,K00818915,BRD-K00818915-003-01-8,SHP099,protein tyrosine kinase inhibitor,BR00122248_24h,G10,4,550,599,550,587,1173,503,580,602,1313,602,550,3,355,0.012622447043022525
144,S-C-7314-04-CMP-001,trt,BRD-K61397605-001-04-2,2.7035,5.0,DMSO,K61397605,BRD-K61397605-001-07-5,romidepsin,HDAC inhibitor,BR00122248_24h,G11,4,227,267,227,256,503,222,256,286,733,286,227,3,355,1.0
145,S-C-7314-04-CMP-001,trt,BRD-K73982490-001-04-9,1.8969,5.0,DMSO,K73982490,BRD-K73982490-001-02-9,BI-78D3,JNK inhibitor,BR00122248_24h,G12,4,594,654,594,638,1177,524,619,655,1309,655,594,3,355,0.01588156971488841
146,S-C-7314-04-CMP-001,trt,BRD-K98251413-001-07-9,1.7617,5.0,DMSO,K98251413,BRD-K98251413-001-04-0,IOX2,hypoxia inducible factor inhibitor,BR00122248_24h,G13,4,474,521,474,509,949,436,496,522,1084,522,474,3,355,0.02289344205890449
147,S-C-7314-04-CMP-001,trt,BRD-K61688984-001-04-5,1.812,5.0,DMSO,K61688984,BRD-K61688984-001-02-9,RGFP966,HDAC inhibitor,BR00122248_24h,G14,4,416,456,416,439,731,389,435,467,884,467,416,3,355,0.6836158192090395
148,S-C-7314-04-CMP-001,trt,BRD-K16189898-001-26-9,2.3267,5.0,DMSO,K16189898,BRD-K16189898-003-03-3,CHIR-99021,glycogen synthase kinase inhibitor,BR00122248_24h,G15,4,446,486,446,481,1026,393,468,492,1133,492,446,3,355,0.09912894123420439
149,S-C-7314-04-CMP-001,trt,BRD-K66430217-001-05-9,1.6909,5.0,DMSO,K66430217,BRD-K66430217-001-03-8,KH-CB19,CDC inhibitor,BR00122248_24h,G16,4,486,527,486,514,877,445,510,531,1002,531,486,3,355,0.07863354037267081
150,S-C-7314-04-CMP-001,trt,BRD-K75009076-001-04-9,1.8813,5.0,DMSO,K75009076,BRD-K75009076-001-02-1,SCH-900776,CHK inhibitor,BR00122248_24h,G17,4,327,346,327,341,760,318,340,355,895,355,327,3,355,0.2933723196881092
151,S-C-7314-04-CMP-001,trt,BRD-K38627885-001-01-9,2.0674,5.0,DMSO,K38627885,BRD-K38627885-001-01-9,APY0201,phosphoinositide dependent kinase inhibitor,BR00122248_24h,G18,4,130,140,130,137,594,126,137,144,885,144,130,3,355,0.8666666666666667
152,S-C-7314-04-CMP-001,trt,BRD-A12994259-001-11-9,1.3662,5.0,DMSO,A12994259,BRD-A12994259-001-02-1,pomalidomide,tumor necrosis factor production inhibitor,BR00122248_24h,G19,4,578,631,578,616,1150,526,605,634,1267,634,578,3,355,0.017056873404167696
153,S-C-7314-04-CMP-001,trt,BRD-K87632963-001-05-9,2.0918,5.0,DMSO,K87632963,BRD-K87632963-001-05-9,GNF-5,Bcr-Abl kinase inhibitor,BR00122248_24h,G20,4,538,577,538,561,973,505,557,581,1104,581,538,3,355,0.41203703703703703
154,S-C-7314-04-CMP-001,trt,BRD-K49669041-001-10-9,2.3568,5.0,DMSO,K49669041,BRD-K49669041-001-08-4,BX-912,pyruvate dehydrogenase kinase inhibitor,BR00122248_24h,G21,4,363,396,363,390,980,349,388,399,1105,399,363,3,355,0.009796034802453288
155,S-C-7314-04-CMP-001,trt,BRD-A22769835-300-05-7,1.9389,5.0,DMSO,A22769835,BRD-A22769835-300-05-7,homochlorcyclizine,antihistamine,BR00122248_24h,G22,4,561,615,561,612,1317,526,602,615,1414,615,561,3,355,0.014930273184542634
156,S-C-7314-04-CMP-001,trt,BRD-K86118762-001-05-9,2.1075,5.0,DMSO,K86118762,BRD-K86118762-001-08-9,linsitinib,IGF-1 inhibitor,BR00122248_24h,G23,4,558,595,558,586,1190,498,573,596,1275,596,558,3,355,0.5396825396825397
157,S-C-7314-04-CMP-001,trt,BRD-K39520573-001-01-2,2.6047,5.0,DMSO,K39520573,BRD-K39520573-001-03-8,GW-5074,RAF inhibitor,BR00122248_24h,G24,4,639,699,639,682,1138,584,675,701,1296,701,639,3,355,0.031205320272275763
158,S-C-7314-04-CMP-001,trt,BRD-K50055394-001-04-9,2.0844,5.0,DMSO,K50055394,BRD-K50055394-001-03-6,halopemide,phospholipase inhibitor,BR00122248_24h,H01,4,527,605,527,583,1065,456,570,607,1157,607,527,3,355,0.06411096548711227
159,S-C-7314-04-CMP-001,trt,BRD-K25433859-003-03-1,1.5693,5.0,DMSO,K25433859,BRD-K25433859-003-23-9,maprotiline,tricyclic antidepressant,BR00122248_24h,H02,4,564,622,564,613,1235,512,601,622,1353,622,564,3,355,0.3304093567251462
160,S-C-7314-04-CMP-001,trt,BRD-K53972329-001-12-9,1.5318,5.0,DMSO,K53972329,BRD-K53972329-001-07-0,ruxolitinib,JAK inhibitor,BR00122248_24h,H03,4,462,496,462,484,910,434,483,500,1030,500,462,3,355,0.0558809572232391
161,S-C-7314-04-CMP-001,trt,BRD-K91900765-001-09-9,2.1813,5.0,DMSO,K91900765,BRD-K91900765-001-08-4,VX-745,p38 MAPK inhibitor,BR00122248_24h,H04,4,601,658,601,643,1321,543,627,661,1449,661,601,3,355,0.1762805620090718
162,S-C-7314-04-CMP-001,trt,BRD-K39974922-001-05-9,2.1343,5.0,DMSO,K39974922,BRD-K39974922-001-04-3,lenvatinib,FGFR inhibitor,BR00122248_24h,H05,4,524,556,524,554,1200,496,550,557,1293,557,524,3,355,0.37033799533799533
163,S-C-7314-04-CMP-001,trt,BRD-K39520573-001-01-2,2.6047,5.0,DMSO,K39520573,BRD-K39520573-001-03-8,GW-5074,RAF inhibitor,BR00122248_24h,H07,4,534,583,534,576,988,498,566,585,1128,585,534,3,355,0.34408324733402135
164,S-C-7314-04-CMP-001,trt,BRD-K73397362-001-09-9,2.6031,5.0,DMSO,K73397362,BRD-K73397362-001-06-6,purmorphamine,smoothened receptor agonist,BR00122248_24h,H08,4,513,542,513,539,1105,480,533,543,1202,543,513,3,355,0.4579831932773109
165,S-C-7314-04-CMP-001,trt,BRD-K45909031-001-03-9,2.4849,5.0,DMSO,K45909031,BRD-K45909031-001-01-5,WZ4003,AMPK inhibitor,BR00122248_24h,H09,4,506,562,506,555,1262,465,544,564,1344,564,506,3,359,1.0
166,S-C-7314-04-CMP-001,trt,BRD-K53972329-001-12-9,1.5318,5.0,DMSO,K53972329,BRD-K53972329-001-07-0,ruxolitinib,JAK inhibitor,BR00122248_24h,H10,4,547,593,547,576,967,511,570,598,1077,598,547,3,355,0.06581934452438049
167,S-C-7314-04-CMP-001,trt,BRD-K70446295-001-04-9,1.9172,5.0,DMSO,K70446295,BRD-K70446295-001-01-7,EPZ015666,protein arginine N-methyltransferase inhibitor,BR00122248_24h,H11,4,458,497,458,484,831,420,479,503,931,503,458,3,355,0.09976608187134502
168,S-C-7314-04-CMP-001,trt,BRD-K16189898-001-26-9,2.3267,5.0,DMSO,K16189898,BRD-K16189898-003-03-3,CHIR-99021,glycogen synthase kinase inhibitor,BR00122248_24h,H12,4,441,493,441,484,1123,386,478,493,1228,493,441,3,355,0.011423838574848232
169,S-C-7314-04-CMP-001,trt,BRD-K16803204-001-02-9,2.1275,5.0,DMSO,K16803204,BRD-K16803204-001-01-6,filgotinib,JAK inhibitor,BR00122248_24h,H13,4,406,451,406,442,814,375,435,457,1067,457,406,3,355,0.05566137566137566
170,S-C-7314-04-CMP-001,trt,BRD-K06182768-001-02-3,1.6472,5.0,DMSO,K06182768,BRD-K06182768-001-06-4,A-366,histone lysine methyltransferase inhibitor,BR00122248_24h,H14,4,530,588,530,578,1132,494,560,591,1280,591,530,3,355,0.014833772127479583
171,S-C-7314-04-CMP-001,trt,BRD-K99092662-001-02-9,1.5286,5.0,DMSO,K99092662,BRD-K99092662-001-01-1,PS178990,androgen receptor modulator,BR00122248_24h,H15,4,546,589,546,584,1072,502,568,590,1211,590,546,3,355,0.010996763989445947
172,S-C-7314-04-CMP-001,trt,BRD-K87632963-001-05-9,2.0918,5.0,DMSO,K87632963,BRD-K87632963-001-05-9,GNF-5,Bcr-Abl kinase inhibitor,BR00122248_24h,H16,4,566,614,566,598,1002,536,592,625,1144,625,566,3,355,0.46572104018912525
173,S-C-7314-04-CMP-001,trt,BRD-K86118762-001-05-9,2.1075,5.0,DMSO,K86118762,BRD-K86118762-001-08-9,linsitinib,IGF-1 inhibitor,BR00122248_24h,H17,4,457,486,457,478,889,423,474,490,964,490,457,3,355,0.28968253968253965
174,S-C-7314-04-CMP-001,trt,BRD-K13094524-001-10-9,1.7369,5.0,DMSO,K13094524,BRD-K13094524-001-04-2,PFI-1,bromodomain inhibitor,BR00122248_24h,H18,4,408,481,408,443,632,363,442,497,751,497,408,3,355,0.6081871345029239
175,S-C-7314-04-CMP-001,trt,BRD-K04923131-001-17-9,1.7809,5.0,DMSO,K04923131,BRD-K04923131-001-15-4,GSK-3-inhibitor-IX,glycogen synthase kinase inhibitor,BR00122248_24h,H19,4,229,254,229,250,595,193,248,259,732,259,229,3,355,1.0
176,S-C-7314-04-CMP-001,trt,BRD-K86118762-001-05-9,2.1075,5.0,DMSO,K86118762,BRD-K86118762-001-08-9,linsitinib,IGF-1 inhibitor,BR00122248_24h,H20,4,449,508,449,490,966,394,479,510,1065,510,449,3,355,0.5555555555555555
177,S-C-7314-04-CMP-001,trt,BRD-K72898849-001-03-9,2.5469,5.0,DMSO,K72898849,BRD-K72898849-001-01-8,BLU9931,FGFR inhibitor,BR00122248_24h,H21,4,490,513,490,508,1157,473,502,519,1274,519,490,3,355,0.559126984126984
178,S-C-7314-04-CMP-001,trt,BRD-K16803204-001-02-9,2.1275,5.0,DMSO,K16803204,BRD-K16803204-001-01-6,filgotinib,JAK inhibitor,BR00122248_24h,H22,4,585,624,585,614,1127,550,604,629,1263,629,585,3,355,0.03578606291784586
179,S-C-7314-04-CMP-001,trt,BRD-K83192048-050-01-9,2.0425,5.0,DMSO,K83192048,BRD-K83192048-050-03-5,dimethindene-(S)-(+),acetylcholine receptor antagonist,BR00122248_24h,H23,4,605,656,605,649,1292,558,637,660,1411,660,605,3,355,0.48939393939393944
180,S-C-7314-04-CMP-001,trt,BRD-K03063480-001-08-9,2.0974,5.0,DMSO,K03063480,BRD-K03063480-001-06-6,PF-477736,CHK inhibitor,BR00122248_24h,H24,4,198,224,198,214,415,189,212,249,500,249,198,3,355,1.0
181,S-C-7314-04-CMP-001,trt,BRD-K99092662-001-02-9,1.5286,5.0,DMSO,K99092662,BRD-K99092662-001-01-1,PS178990,androgen receptor modulator,BR00122248_24h,I01,4,563,604,563,594,1199,522,584,606,1344,606,563,3,355,0.014798327454773011
182,S-C-7314-04-CMP-001,trt,BRD-K33818169-003-04-6,3.0926,5.0,DMSO,K33818169,BRD-K33818169-003-04-6,GW-3965,LXR agonist,BR00122248_24h,I02,4,623,671,623,666,1477,584,646,672,1659,672,623,3,355,0.06253101736972705
183,S-C-7314-04-CMP-001,trt,BRD-K20290250-001-03-9,2.0624,5.0,DMSO,K20290250,BRD-K20290250-001-02-1,BIX-02188,MEK inhibitor,BR00122248_24h,I03,4,587,625,587,618,1293,549,611,625,1449,625,587,3,355,0.24905273937532005
184,S-C-7314-04-CMP-001,trt,BRD-K53972329-001-12-9,1.5318,5.0,DMSO,K53972329,BRD-K53972329-001-07-0,ruxolitinib,JAK inhibitor,BR00122248_24h,I04,4,604,651,604,643,1216,561,628,652,1350,652,604,3,355,0.057976220410215884
185,S-C-7314-04-CMP-001,trt,BRD-K70642949-001-06-9,2.313,5.0,DMSO,K70642949,BRD-K70642949-001-04-5,GSK2334470,phosphoinositide dependent kinase inhibitor,BR00122248_24h,I05,4,517,551,517,546,1185,486,538,554,1292,554,517,3,355,1.0
186,S-C-7314-04-CMP-001,trt,BRD-K19871656-001-01-3,1.8291,5.0,DMSO,K19871656,BRD-K19871656-001-01-3,CPI-0610,bromodomain inhibitor,BR00122248_24h,I06,4,485,553,485,529,806,427,518,571,933,571,485,3,355,0.033655833562112845
187,S-C-7314-04-CMP-001,trt,BRD-K12511835-003-03-9,1.6309,5.0,DMSO,K12511835,BRD-K12511835-003-01-2,BMS-863233,CDC inhibitor,BR00122248_24h,I07,4,512,551,512,543,1099,486,541,555,1251,555,512,3,355,0.19153766769865843
188,S-C-7314-04-CMP-001,trt,BRD-K69023402-001-03-3,0.2167,0.333,DMSO,K69023402,BRD-K69023402-001-07-4,Thapsigargin,ER stressor (SERCA inhibitor),BR00122248_24h,I08,4,232,254,232,251,604,224,251,266,695,266,232,3,359,0.6333333333333333
189,S-C-7314-04-CMP-001,trt,BRD-K57080016-001-19-1,2.2884,5.0,DMSO,K57080016,BRD-K57080016-001-01-9,selumetinib,MEK inhibitor,BR00122248_24h,I09,4,525,581,525,575,1220,487,564,583,1354,583,525,3,355,0.027462341187726672
190,S-C-7314-04-CMP-001,trt,BRD-K02965346-001-01-8,2.8404,5.0,DMSO,K02965346,BRD-K02965346-001-07-5,SU-11274,hepatocyte growth factor receptor inhibitor,BR00122248_24h,I10,4,494,559,494,549,1143,420,540,559,1238,559,494,3,355,1.0
191,S-C-7314-04-CMP-001,trt,BRD-K13606314-001-02-9,1.7411,5.0,DMSO,K13606314,BRD-K13606314-001-01-3,P5091,ubiquitin specific protease inhibitor,BR00122248_24h,I11,4,522,565,522,555,1083,493,547,567,1222,567,522,3,355,0.013667492623598109
192,S-C-7314-04-CMP-001,trt,BRD-K67578145-001-13-9,1.6719,5.0,DMSO,K67578145,BRD-K67578145-001-09-7,GDC-0879,RAF inhibitor,BR00122248_24h,I12,4,398,450,398,437,754,371,432,455,1034,455,398,3,355,0.00702565006540339
193,S-C-7314-04-CMP-001,trt,BRD-K66430217-001-05-9,1.6909,5.0,DMSO,K66430217,BRD-K66430217-001-03-8,KH-CB19,CDC inhibitor,BR00122248_24h,I13,4,556,585,556,576,1119,528,575,588,1268,588,556,3,355,0.017852209680586383
194,S-C-7314-04-CMP-001,trt,BRD-K53665955-001-05-9,2.3097,5.0,DMSO,K53665955,BRD-K53665955-001-03-0,MK-5108,Aurora kinase inhibitor,BR00122248_24h,I14,4,438,471,438,460,885,411,458,479,1044,479,438,3,355,0.11350762527233116
195,S-C-7314-04-CMP-001,trt,BRD-K39974922-001-05-9,2.1343,5.0,DMSO,K39974922,BRD-K39974922-001-04-3,lenvatinib,FGFR inhibitor,BR00122248_24h,I15,4,527,561,527,553,1252,483,543,562,1373,562,527,3,355,0.08221523410202657
196,S-C-7314-04-CMP-001,trt,BRD-K85776940-001-01-9,1.983,5.0,DMSO,K85776940,BRD-K85776940-001-01-9,delta-Tocotrienol,HMGCR inhibitor,BR00122248_24h,I16,4,584,640,584,630,1185,545,626,644,1321,644,584,3,355,0.021893312015398587
197,S-C-7314-04-CMP-001,trt,BRD-K37379014-001-02-0,2.1024,5.0,DMSO,K37379014,BRD-K37379014-001-01-2,filanesib,kinesin inhibitor,BR00122248_24h,I17,4,120,166,120,143,236,110,143,264,300,264,120,3,355,1.0
198,S-C-7314-04-CMP-001,trt,BRD-K83192048-050-01-9,2.0425,5.0,DMSO,K83192048,BRD-K83192048-050-03-5,dimethindene-(S)-(+),acetylcholine receptor antagonist,BR00122248_24h,I18,4,532,610,532,591,1166,496,585,616,1292,616,532,3,355,0.11163398692810457
199,S-C-7314-04-CMP-001,trt,BRD-K82941592-238-06-9,2.6182,5.0,DMSO,K82941592,BRD-K82941592-238-03-7,rosuvastatin,HMGCR inhibitor,BR00122248_24h,I20,4,593,654,593,635,1123,534,623,663,1267,663,593,3,355,0.03139182115458739
200,S-C-7314-04-CMP-001,trt,BRD-K54955827-001-03-9,1.6019,5.0,DMSO,K54955827,BRD-K54955827-001-02-2,niraparib,PARP inhibitor,BR00122248_24h,I21,4,390,434,390,425,986,376,423,438,1162,438,390,3,355,0.05053309123076565
201,S-C-7314-04-CMP-001,trt,BRD-K66401437-001-03-3,2.8303,5.0,DMSO,K66401437,BRD-K66401437-001-03-3,THZ1,CDK inhibitor,BR00122248_24h,I22,4,98,104,98,102,212,98,102,125,288,125,98,3,355,1.0
202,S-C-7314-04-CMP-001,trt,BRD-K45909031-001-03-9,2.4849,5.0,DMSO,K45909031,BRD-K45909031-001-01-5,WZ4003,AMPK inhibitor,BR00122248_24h,I23,4,591,663,591,656,1356,535,647,663,1425,663,591,3,359,1.0
203,S-C-7314-04-CMP-001,trt,BRD-K93942811-001-03-9,1.9224,5.0,DMSO,K93942811,BRD-K93942811-001-01-3,ML-323,ubiquitin specific protease inhibitor,BR00122248_24h,I24,4,588,641,588,636,1415,542,624,644,1542,644,588,3,355,0.04276507470340069
204,S-C-7314-04-CMP-001,trt,BRD-K69023402-001-03-3,0.2167,0.333,DMSO,K69023402,BRD-K69023402-001-07-4,Thapsigargin,ER stressor (SERCA inhibitor),BR00122248_24h,J02,4,190,203,190,198,445,187,198,215,546,215,190,3,359,0.7555555555555555
205,S-C-7314-04-CMP-001,trt,BRD-K12511835-003-03-9,1.6309,5.0,DMSO,K12511835,BRD-K12511835-003-01-2,BMS-863233,CDC inhibitor,BR00122248_24h,J03,4,521,582,521,570,1100,477,562,587,1251,587,521,3,355,0.032303985540916
206,S-C-7314-04-CMP-001,trt,BRD-K06883221-001-02-9,2.0725,5.0,DMSO,K06883221,BRD-K06883221-001-01-9,apratastat,tumor necrosis factor production inhibitor,BR00122248_24h,J04,4,554,586,554,577,1106,522,568,589,1254,589,554,3,355,0.009193684566024991
207,S-C-7314-04-CMP-001,trt,BRD-K12737986-001-01-4,1.2215,5.0,DMSO,K12737986,BRD-K12737986-001-01-4,veliparib,PARP inhibitor,BR00122248_24h,J05,4,541,589,541,584,1197,509,572,590,1349,590,541,3,355,0.03789852555195306
208,S-C-7314-04-CMP-001,trt,BRD-K19477839-001-10-9,1.797,5.0,DMSO,K19477839,BRD-K19477839-001-07-6,SGX523,hepatocyte growth factor receptor inhibitor,BR00122248_24h,J06,4,584,634,584,631,1297,535,614,635,1422,635,584,3,355,0.015665024630541872
209,S-C-7314-04-CMP-001,trt,BRD-A12994259-001-11-9,1.3662,5.0,DMSO,A12994259,BRD-A12994259-001-02-1,pomalidomide,tumor necrosis factor production inhibitor,BR00122248_24h,J07,4,544,585,544,570,1069,502,554,588,1198,588,544,3,355,0.025440446892456735
210,S-C-7314-04-CMP-001,trt,BRD-K60130390-001-02-1,2.7335,5.0,DMSO,K60130390,BRD-K60130390-001-02-1,UNC0642,histone lysine methyltransferase inhibitor,BR00122248_24h,J08,4,410,459,410,451,928,362,443,462,1030,462,410,3,355,0.7380952380952381
211,S-C-7314-04-CMP-001,trt,BRD-K98203492-001-06-9,2.0875,5.0,DMSO,K98203492,BRD-K98203492-003-04-1,GSK-J4,histone lysine demethylase inhibitor,BR00122248_24h,J09,4,338,372,338,366,793,326,366,373,894,373,338,3,355,0.013177570637248058
212,S-C-7314-04-CMP-001,trt,BRD-K83192048-050-01-9,2.0425,5.0,DMSO,K83192048,BRD-K83192048-050-03-5,dimethindene-(S)-(+),acetylcholine receptor antagonist,BR00122248_24h,J10,4,541,582,541,571,1088,494,561,584,1182,584,541,3,355,0.04247897080653142
213,S-C-7314-04-CMP-001,trt,BRD-K36234266-001-10-6,1.0702,5.0,DMSO,K36234266,BRD-K36234266-001-09-8,carmustine,DNA inhibitor,BR00122248_24h,J11,4,592,637,592,625,1199,555,617,644,1359,644,592,3,355,0.01597770245964297
214,S-C-7314-04-CMP-001,trt,BRD-K57080016-001-19-1,2.2884,5.0,DMSO,K57080016,BRD-K57080016-001-01-9,selumetinib,MEK inhibitor,BR00122248_24h,J12,4,494,531,494,526,974,464,519,533,1090,533,494,3,355,0.0568697175840033
215,S-C-7314-04-CMP-001,trt,BRD-K93942811-001-03-9,1.9224,5.0,DMSO,K93942811,BRD-K93942811-001-01-3,ML-323,ubiquitin specific protease inhibitor,BR00122248_24h,J13,4,456,493,456,485,1030,427,483,494,1141,494,456,3,355,0.043236714975845414
216,S-C-7314-04-CMP-001,trt,BRD-K67772619-001-06-9,1.4213,5.0,DMSO,K67772619,BRD-K67772619-001-05-1,rheochrysidin,protein tyrosine kinase inhibitor,BR00122248_24h,J15,4,482,543,482,527,986,442,521,543,1084,543,482,3,355,0.6724137931034483
217,S-C-7314-04-CMP-001,trt,BRD-K25611237-001-09-9,1.7471,5.0,DMSO,K25611237,BRD-K25611237-001-02-1,ML324,histone lysine demethylase inhibitor,BR00122248_24h,J16,4,629,666,629,657,1227,568,643,669,1376,669,629,3,355,0.3416666666666666
218,S-C-7314-04-CMP-001,trt,BRD-K33818169-003-04-6,3.0926,5.0,DMSO,K33818169,BRD-K33818169-003-04-6,GW-3965,LXR agonist,BR00122248_24h,J17,4,508,557,508,549,1042,477,538,559,1180,559,508,3,355,0.05680044593088072
219,S-C-7314-04-CMP-001,trt,BRD-A53576514-048-02-8,2.3075,5.0,DMSO,A53576514,BRD-A53576514-048-14-3,orphenadrine,acetylcholine receptor antagonist,BR00122248_24h,J18,4,499,541,499,531,968,458,520,544,1107,544,499,3,355,0.027498999599839934
220,S-C-7314-04-CMP-001,trt,BRD-K25433859-003-03-1,1.5693,5.0,DMSO,K25433859,BRD-K25433859-003-23-9,maprotiline,tricyclic antidepressant,BR00122248_24h,J19,4,561,607,561,594,1092,516,588,610,1213,610,561,3,355,0.3916576381365114
221,S-C-7314-04-CMP-001,trt,BRD-K76908866-001-08-9,2.3477,5.0,DMSO,K76908866,BRD-K76908866-001-07-6,CP-724714,EGFR inhibitor,BR00122248_24h,J20,4,583,624,583,616,1327,526,608,625,1434,625,583,3,355,0.1929824561403509
222,S-C-7314-04-CMP-001,trt,BRD-K54955827-001-03-9,1.6019,5.0,DMSO,K54955827,BRD-K54955827-001-02-2,niraparib,PARP inhibitor,BR00122248_24h,J21,4,431,461,431,457,1025,428,457,461,1204,461,431,3,355,0.33809523809523806
223,S-C-7314-04-CMP-001,trt,BRD-K72951360-001-02-9,3.6182,5.0,DMSO,K72951360,BRD-K72951360-001-01-4,valrubicin,DNA inhibitor,BR00122248_24h,J22,4,291,294,291,292,634,288,292,303,723,303,291,3,355,0.9166666666666666
224,S-C-7314-04-CMP-001,trt,BRD-K38627885-001-01-9,2.0674,5.0,DMSO,K38627885,BRD-K38627885-001-01-9,APY0201,phosphoinositide dependent kinase inhibitor,BR00122248_24h,J23,4,180,194,180,193,771,172,192,201,1099,201,180,3,355,0.7575757575757575
225,S-C-7314-04-CMP-001,trt,BRD-K61688984-001-04-5,1.812,5.0,DMSO,K61688984,BRD-K61688984-001-02-9,RGFP966,HDAC inhibitor,BR00122248_24h,J24,4,505,557,505,538,904,480,536,572,1027,572,505,3,355,0.22454068241469816
226,S-C-7314-04-CMP-001,trt,BRD-K64881305-001-07-9,2.5853,5.0,DMSO,K64881305,BRD-K64881305-001-05-2,ispinesib,kinesin inhibitor,BR00122248_24h,K01,4,121,164,121,143,241,118,143,241,278,241,121,3,355,1.0
227,S-C-7314-04-CMP-001,trt,BRD-K83607951-001-04-9,2.1271,5.0,DMSO,K83607951,BRD-K83607951-001-02-2,skepinone-l,p38 MAPK inhibitor,BR00122248_24h,K02,4,483,530,483,520,1030,443,515,535,1143,535,483,3,355,0.01817761817761818
228,S-C-7314-04-CMP-001,trt,BRD-K97452254-001-02-9,2.3578,5.0,DMSO,K97452254,BRD-K97452254-001-01-3,AMG-925,CDK inhibitor,BR00122248_24h,K03,4,457,500,457,494,1143,430,489,503,1243,503,457,3,355,0.21944444444444444
229,S-C-7314-04-CMP-001,trt,BRD-K82164249-001-03-5,2.2068,5.0,DMSO,K82164249,BRD-K82164249-001-03-5,andarine,androgen receptor modulator,BR00122248_24h,K05,4,504,552,504,546,1021,483,543,555,1159,555,504,3,355,0.04476133887898593
230,S-C-7314-04-CMP-001,trt,BRD-K54955827-001-03-9,1.6019,5.0,DMSO,K54955827,BRD-K54955827-001-02-2,niraparib,PARP inhibitor,BR00122248_24h,K06,4,424,457,424,450,1027,403,447,463,1183,463,424,3,355,0.22705314009661834
231,S-C-7314-04-CMP-001,trt,BRD-K99113996-001-02-0,2.3127,5.0,DMSO,K99113996,BRD-K99113996-001-02-0,AZD2014,mTOR inhibitor,BR00122248_24h,K07,4,339,366,339,363,852,326,363,370,958,370,339,3,355,0.1768836322407751
232,S-C-7314-04-CMP-001,trt,BRD-K91900765-001-09-9,2.1813,5.0,DMSO,K91900765,BRD-K91900765-001-08-4,VX-745,p38 MAPK inhibitor,BR00122248_24h,K08,4,534,593,533,581,1145,481,569,596,1276,596,534,3,355,0.045873165276150346
233,S-C-7314-04-CMP-001,trt,BRD-K32730239-001-03-9,1.3065,5.0,DMSO,K32730239,BRD-K32730239-001-01-0,SU3327,JNK inhibitor,BR00122248_24h,K10,4,494,542,494,533,982,459,530,544,1119,544,494,3,355,0.10972319962467747
234,S-C-7314-04-CMP-001,trt,BRD-K63631219-001-01-6,1.1784,5.0,DMSO,K63631219,BRD-K63631219-001-01-6,quazinone,phosphodiesterase inhibitor,BR00122248_24h,K11,4,498,547,498,536,950,442,521,549,1073,549,498,3,355,0.08786213786213785
235,S-C-7314-04-CMP-001,trt,BRD-K73397362-001-09-9,2.6031,5.0,DMSO,K73397362,BRD-K73397362-001-06-6,purmorphamine,smoothened receptor agonist,BR00122248_24h,K12,4,547,598,547,595,1185,502,575,598,1291,598,547,3,355,0.2880870561282932
236,S-C-7314-04-CMP-001,trt,BRD-K88677950-001-04-9,2.3812,5.0,DMSO,K88677950,BRD-K88677950-001-03-9,PD-198306,MAP kinase inhibitor,BR00122248_24h,K13,4,546,604,546,598,1146,511,586,609,1280,609,546,3,355,0.0716743119266055
237,S-C-7314-04-CMP-001,trt,BRD-K24600306-003-02-9,2.3445,5.0,DMSO,K24600306,BRD-K24600306-003-02-9,ML-298,phospholipase inhibitor,BR00122248_24h,K14,4,502,570,502,561,1074,470,554,572,1189,572,502,3,355,0.39300411522633744
238,S-C-7314-04-CMP-001,trt,BRD-K01826510-001-09-9,1.8745,5.0,DMSO,K01826510,BRD-K01826510-300-06-9,hydroxyzine,antihistamine,BR00122248_24h,K15,4,531,575,531,570,1126,493,566,578,1285,578,531,3,355,0.03520623935848849
239,S-C-7314-04-CMP-001,trt,BRD-K25611237-001-09-9,1.7471,5.0,DMSO,K25611237,BRD-K25611237-001-02-1,ML324,histone lysine demethylase inhibitor,BR00122248_24h,K16,4,478,525,478,515,1003,452,510,532,1165,532,478,3,355,0.1691919191919192
240,S-C-7314-04-CMP-001,trt,BRD-K66401437-001-03-3,2.8303,5.0,DMSO,K66401437,BRD-K66401437-001-03-3,THZ1,CDK inhibitor,BR00122248_24h,K17,4,101,110,101,106,241,100,106,129,311,129,101,3,355,1.0
241,S-C-7314-04-CMP-001,trt,BRD-K30707190-001-06-9,1.6017,5.0,DMSO,K30707190,BRD-K30707190-001-04-1,PNU-74654,beta-catenin inhibitor,BR00122248_24h,K18,4,538,576,538,568,1008,505,556,579,1121,579,538,3,355,0.4102564102564103
242,S-C-7314-04-CMP-001,trt,BRD-K04923131-001-17-9,1.7809,5.0,DMSO,K04923131,BRD-K04923131-001-15-4,GSK-3-inhibitor-IX,glycogen synthase kinase inhibitor,BR00122248_24h,K19,4,229,257,229,249,600,202,249,263,738,263,229,3,355,0.9166666666666666
243,S-C-7314-04-CMP-001,trt,BRD-K84937637-001-21-9,4.5709,5.0,DMSO,K84937637,BRD-K84937637-001-11-5,sirolimus,mTOR inhibitor,BR00122248_24h,K20,4,532,581,532,576,1338,499,570,584,1472,584,532,3,355,0.3559385073146541
244,S-C-7314-04-CMP-001,trt,BRD-K50055394-001-04-9,2.0844,5.0,DMSO,K50055394,BRD-K50055394-001-03-6,halopemide,phospholipase inhibitor,BR00122248_24h,K21,4,598,673,598,654,1179,515,644,676,1305,676,598,3,355,0.04616385561316725
245,S-C-7314-04-CMP-001,trt,BRD-K03063480-001-08-9,2.0974,5.0,DMSO,K03063480,BRD-K03063480-001-06-6,PF-477736,CHK inhibitor,BR00122248_24h,K22,4,230,271,230,259,505,215,255,289,586,289,230,3,355,0.2483164983164983
246,S-C-7314-04-CMP-001,trt,BRD-K16803204-001-02-9,2.1275,5.0,DMSO,K16803204,BRD-K16803204-001-01-6,filgotinib,JAK inhibitor,BR00122248_24h,K23,4,590,642,590,629,1179,547,622,645,1321,645,590,3,355,0.059916367980884115
247,S-C-7314-04-CMP-001,trt,BRD-K23383398-001-08-1,2.4067,5.0,DMSO,K23383398,BRD-K23383398-001-09-9,T-0901317,LXR agonist,BR00122248_24h,K24,4,599,650,599,640,1213,549,625,652,1357,652,599,3,355,0.017268439916996794
248,S-C-7314-04-CMP-001,trt,BRD-K73397362-001-09-9,2.6031,5.0,DMSO,K73397362,BRD-K73397362-001-06-6,purmorphamine,smoothened receptor agonist,BR00122248_24h,L01,4,483,517,483,515,1137,455,509,520,1244,520,483,3,355,0.46527777777777773
249,S-C-7314-04-CMP-001,trt,BRD-K39520573-001-01-2,2.6047,5.0,DMSO,K39520573,BRD-K39520573-001-03-8,GW-5074,RAF inhibitor,BR00122248_24h,L02,4,525,573,525,565,1037,485,548,574,1150,574,525,3,355,0.025693763393992226
250,S-C-7314-04-CMP-001,trt,BRD-K60130390-001-02-1,2.7335,5.0,DMSO,K60130390,BRD-K60130390-001-02-1,UNC0642,histone lysine methyltransferase inhibitor,BR00122248_24h,L03,4,534,590,534,579,1186,481,568,595,1287,595,534,3,355,0.7083333333333334
251,S-C-7314-04-CMP-001,trt,BRD-K86718786-001-03-9,1.4917,5.0,DMSO,K86718786,BRD-K86718786-001-03-9,SGC-707,protein arginine N-methyltransferase inhibitor,BR00122248_24h,L04,4,452,492,452,482,948,422,474,499,1052,499,452,3,355,0.012320780268273102
252,S-C-7314-04-CMP-001,trt,BRD-K97452254-001-02-9,2.3578,5.0,DMSO,K97452254,BRD-K97452254-001-01-3,AMG-925,CDK inhibitor,BR00122248_24h,L05,4,533,572,533,564,1282,500,555,572,1375,572,533,3,355,0.40602409638554215
253,S-C-7314-04-CMP-001,trt,BRD-K70578146-001-13-9,0.16697,0.133,DMSO,K70578146,BRD-K70578146-001-09-1,DACTINOMYCIN,Apoptosis inducer (transcription inhibitor),BR00122248_24h,L06,4,243,278,243,263,594,233,262,301,747,301,243,3,359,0.7435897435897436
254,S-C-7314-04-CMP-001,trt,BRD-K32730239-001-03-9,1.3065,5.0,DMSO,K32730239,BRD-K32730239-001-01-0,SU3327,JNK inhibitor,BR00122248_24h,L08,4,488,552,488,534,958,460,522,552,1093,552,488,3,355,0.0330549022788095
255,S-C-7314-04-CMP-001,trt,BRD-K20290250-001-03-9,2.0624,5.0,DMSO,K20290250,BRD-K20290250-001-02-1,BIX-02188,MEK inhibitor,BR00122248_24h,L09,4,533,573,533,564,1133,487,549,576,1237,576,533,3,355,0.03219031688504786
256,S-C-7314-04-CMP-001,trt,BRD-K38627885-001-01-9,2.0674,5.0,DMSO,K38627885,BRD-K38627885-001-01-9,APY0201,phosphoinositide dependent kinase inhibitor,BR00122248_24h,L10,4,139,152,139,150,665,138,150,161,935,161,139,3,355,0.7291666666666666
257,S-C-7314-04-CMP-001,trt,BRD-K24600306-003-02-9,2.3445,5.0,DMSO,K24600306,BRD-K24600306-003-02-9,ML-298,phospholipase inhibitor,BR00122248_24h,L11,4,600,666,600,657,1331,552,652,667,1449,667,600,3,355,0.4492521367521367
258,S-C-7314-04-CMP-001,trt,BRD-K84937637-001-21-9,4.5709,5.0,DMSO,K84937637,BRD-K84937637-001-11-5,sirolimus,mTOR inhibitor,BR00122248_24h,L12,4,505,543,505,534,1169,474,530,546,1298,546,505,3,355,0.34119387802284185
259,S-C-7314-04-CMP-001,trt,BRD-K72951360-001-02-9,3.6182,5.0,DMSO,K72951360,BRD-K72951360-001-01-4,valrubicin,DNA inhibitor,BR00122248_24h,L13,4,219,233,219,226,517,216,226,246,611,246,219,3,355,0.2884615384615385
260,S-C-7314-04-CMP-001,trt,BRD-K75009076-001-04-9,1.8813,5.0,DMSO,K75009076,BRD-K75009076-001-02-1,SCH-900776,CHK inhibitor,BR00122248_24h,L14,4,292,308,292,306,716,284,304,319,873,319,292,3,355,0.6710526315789473
261,S-C-7314-04-CMP-001,trt,BRD-A87435144-001-01-6,2.3944,5.0,DMSO,A87435144,BRD-A87435144-001-01-6,AZD7545,pyruvate dehydrogenase kinase inhibitor,BR00122248_24h,L15,4,513,571,513,549,936,472,539,580,1049,580,513,3,355,0.03704980842911877
262,S-C-7314-04-CMP-001,trt,BRD-K56932272-001-02-9,2.4378,5.0,DMSO,K56932272,BRD-K56932272-001-02-9,BMS-566419,inosine monophosphate dehydrogenase inhibitor,BR00122248_24h,L16,4,478,513,478,508,993,444,497,516,1079,516,478,3,355,0.34675925925925927
263,S-C-7314-04-CMP-001,trt,BRD-K85776940-001-01-9,1.983,5.0,DMSO,K85776940,BRD-K85776940-001-01-9,delta-Tocotrienol,HMGCR inhibitor,BR00122248_24h,L17,4,471,516,471,509,974,442,505,518,1098,518,471,3,355,0.026642026849151956
264,S-C-7314-04-CMP-001,trt,BRD-K30707190-001-06-9,1.6017,5.0,DMSO,K30707190,BRD-K30707190-001-04-1,PNU-74654,beta-catenin inhibitor,BR00122248_24h,L18,4,550,599,550,588,1084,517,581,603,1237,603,550,3,355,0.25
265,S-C-7314-04-CMP-001,trt,BRD-K61688984-001-04-5,1.812,5.0,DMSO,K61688984,BRD-K61688984-001-02-9,RGFP966,HDAC inhibitor,BR00122248_24h,L19,4,454,497,454,476,798,424,473,509,955,509,454,3,355,0.023453453453453454
266,S-C-7314-04-CMP-001,trt,BRD-K44227013-001-15-9,2.6628,5.0,DMSO,K44227013,BRD-K44227013-001-08-0,ponatinib,Bcr-Abl kinase inhibitor,BR00122248_24h,L20,4,152,176,152,163,426,136,163,197,501,197,152,3,355,1.0
267,S-C-7314-04-CMP-001,trt,BRD-K87632963-001-05-9,2.0918,5.0,DMSO,K87632963,BRD-K87632963-001-05-9,GNF-5,Bcr-Abl kinase inhibitor,BR00122248_24h,L21,4,546,589,546,577,944,514,565,594,1071,594,546,3,355,0.365389527458493
268,S-C-7314-04-CMP-001,trt,BRD-K98251413-001-07-9,1.7617,5.0,DMSO,K98251413,BRD-K98251413-001-04-0,IOX2,hypoxia inducible factor inhibitor,BR00122248_24h,L23,4,587,630,587,618,1195,551,612,635,1354,635,587,3,355,0.01631493760471513
269,S-C-7314-04-CMP-001,trt,BRD-K83607951-001-04-9,2.1271,5.0,DMSO,K83607951,BRD-K83607951-001-02-2,skepinone-l,p38 MAPK inhibitor,BR00122248_24h,L24,4,572,627,572,613,1216,515,596,629,1371,629,572,3,355,0.013333102606920062
270,S-C-7314-04-CMP-001,trt,BRD-K76908866-001-08-9,2.3477,5.0,DMSO,K76908866,BRD-K76908866-001-07-6,CP-724714,EGFR inhibitor,BR00122248_24h,M01,4,628,680,628,677,1480,560,660,680,1609,680,628,3,355,0.2768115942028985
271,S-C-7314-04-CMP-001,trt,BRD-K67772619-001-06-9,1.4213,5.0,DMSO,K67772619,BRD-K67772619-001-05-1,rheochrysidin,protein tyrosine kinase inhibitor,BR00122248_24h,M02,4,459,508,459,498,963,429,493,512,1081,512,459,3,355,0.6719858156028368
272,S-C-7314-04-CMP-001,trt,BRD-K99433989-001-02-9,2.4503,5.0,DMSO,K99433989,BRD-K99433989-001-02-9,SAG,smoothened receptor agonist,BR00122248_24h,M03,4,602,662,602,653,1417,528,629,664,1515,664,602,3,355,0.8055555555555555
273,S-C-7314-04-CMP-001,trt,BRD-K12511835-003-03-9,1.6309,5.0,DMSO,K12511835,BRD-K12511835-003-01-2,BMS-863233,CDC inhibitor,BR00122248_24h,M04,4,516,554,516,549,1087,484,540,555,1220,555,516,3,355,0.04491341991341991
274,S-C-7314-04-CMP-001,trt,BRD-K17953061-001-05-1,0.012596,0.027,DMSO,K17953061,BRD-K17953061-001-14-3,Staurosporine,Apoptosis inducer (ATP-competitive kinase inhibitor),BR00122248_24h,M05,4,347,416,347,396,810,292,391,444,935,444,347,3,359,0.7666666666666666
275,S-C-7314-04-CMP-001,trt,BRD-K94455792-001-01-8,2.7432,5.0,DMSO,K94455792,BRD-K94455792-001-01-8,ICG-001,beta-catenin inhibitor,BR00122248_24h,M06,4,522,568,522,559,1264,496,556,571,1378,571,522,3,355,0.3812379853902345
276,S-C-7314-04-CMP-001,trt,BRD-K44227013-001-15-9,2.6628,5.0,DMSO,K44227013,BRD-K44227013-001-08-0,ponatinib,Bcr-Abl kinase inhibitor,BR00122248_24h,M07,4,131,165,131,157,429,125,157,175,509,175,131,3,355,1.0
277,S-C-7314-04-CMP-001,trt,BRD-K63631219-001-01-6,1.1784,5.0,DMSO,K63631219,BRD-K63631219-001-01-6,quazinone,phosphodiesterase inhibitor,BR00122248_24h,M08,4,576,644,576,626,1147,525,615,647,1288,647,576,3,355,0.07546897546897548
278,S-C-7314-04-CMP-001,trt,BRD-K56301217-001-02-5,4.0671,5.0,DMSO,K56301217,BRD-K56301217-001-07-4,ABT-737,BCL inhibitor,BR00122248_24h,M09,4,488,532,488,525,1086,456,519,535,1218,535,488,3,355,0.0163486658011424
279,S-C-7314-04-CMP-001,trt,BRD-K21728777-001-03-9,2.5179,5.0,DMSO,K21728777,BRD-K21728777-001-02-3,AMG900,Aurora kinase inhibitor,BR00122248_24h,M10,4,275,284,275,283,916,270,283,285,1038,285,275,3,355,0.3887647622087456
280,S-C-7314-04-CMP-001,trt,BRD-K25433859-003-03-1,1.5693,5.0,DMSO,K25433859,BRD-K25433859-003-23-9,maprotiline,tricyclic antidepressant,BR00122248_24h,M11,4,577,637,577,628,1311,527,619,639,1449,639,577,3,355,0.1962776889700845
281,S-C-7314-04-CMP-001,trt,BRD-K50055394-001-04-9,2.0844,5.0,DMSO,K50055394,BRD-K50055394-001-03-6,halopemide,phospholipase inhibitor,BR00122248_24h,M12,4,578,641,578,621,1154,496,607,644,1272,644,578,3,355,0.010349458446173377
282,S-C-7314-04-CMP-001,trt,BRD-K67578145-001-13-9,1.6719,5.0,DMSO,K67578145,BRD-K67578145-001-09-7,GDC-0879,RAF inhibitor,BR00122248_24h,M13,4,524,583,524,568,1003,491,557,591,1151,591,524,3,355,0.007843527134865719
283,S-C-7314-04-CMP-001,trt,BRD-K06883221-001-02-9,2.0725,5.0,DMSO,K06883221,BRD-K06883221-001-01-9,apratastat,tumor necrosis factor production inhibitor,BR00122248_24h,M14,4,634,676,634,657,1246,582,649,677,1392,677,634,3,355,0.09594975092051115
284,S-C-7314-04-CMP-001,trt,BRD-K12737986-001-01-4,1.2215,5.0,DMSO,K12737986,BRD-K12737986-001-01-4,veliparib,PARP inhibitor,BR00122248_24h,M15,4,585,641,585,629,1171,526,619,646,1321,646,585,3,355,0.019709908254799898
285,S-C-7314-04-CMP-001,trt,BRD-K83192048-050-01-9,2.0425,5.0,DMSO,K83192048,BRD-K83192048-050-03-5,dimethindene-(S)-(+),acetylcholine receptor antagonist,BR00122248_24h,M17,4,643,713,643,702,1410,588,685,714,1527,714,643,3,355,0.20421245421245424
286,S-C-7314-04-CMP-001,trt,BRD-K98251413-001-07-9,1.7617,5.0,DMSO,K98251413,BRD-K98251413-001-04-0,IOX2,hypoxia inducible factor inhibitor,BR00122248_24h,M18,4,554,600,554,585,1074,509,577,601,1211,601,554,3,355,0.02801701222753854
287,S-C-7314-04-CMP-001,trt,BRD-A53576514-048-02-8,2.3075,5.0,DMSO,A53576514,BRD-A53576514-048-14-3,orphenadrine,acetylcholine receptor antagonist,BR00122248_24h,M19,4,562,607,562,597,1157,526,589,610,1294,610,562,3,355,0.01577186726768481
288,S-C-7314-04-CMP-001,trt,BRD-K25433859-003-03-1,1.5693,5.0,DMSO,K25433859,BRD-K25433859-003-23-9,maprotiline,tricyclic antidepressant,BR00122248_24h,M20,4,571,634,571,617,1204,524,607,638,1317,638,571,3,355,0.07380952380952381
289,S-C-7314-04-CMP-001,trt,BRD-K93942811-001-03-9,1.9224,5.0,DMSO,K93942811,BRD-K93942811-001-01-3,ML-323,ubiquitin specific protease inhibitor,BR00122248_24h,M21,4,605,650,605,643,1396,557,630,652,1525,652,605,3,355,0.05994152046783626
290,S-C-7314-04-CMP-001,trt,BRD-K85606544-001-07-5,2.7852,5.0,DMSO,K85606544,BRD-K85606544-001-09-1,neratinib,EGFR inhibitor,BR00122248_24h,M22,4,360,395,360,391,923,336,384,398,1011,398,360,3,355,0.3778998778998779
291,S-C-7314-04-CMP-001,trt,BRD-K70446295-001-04-9,1.9172,5.0,DMSO,K70446295,BRD-K70446295-001-01-7,EPZ015666,protein arginine N-methyltransferase inhibitor,BR00122248_24h,M23,4,592,650,592,634,1238,533,622,653,1362,653,592,3,355,0.3759057971014493
292,S-C-7314-04-CMP-001,trt,BRD-K72898849-001-03-9,2.5469,5.0,DMSO,K72898849,BRD-K72898849-001-01-8,BLU9931,FGFR inhibitor,BR00122248_24h,M24,4,512,535,512,532,1253,489,525,540,1364,540,512,3,355,0.3783898305084746
293,S-C-7314-04-CMP-001,trt,BRD-K70578146-001-13-9,0.16697,0.133,DMSO,K70578146,BRD-K70578146-001-09-1,DACTINOMYCIN,Apoptosis inducer (transcription inhibitor),BR00122248_24h,N01,4,252,273,252,269,631,247,269,296,761,296,252,3,359,0.7192982456140351
294,S-C-7314-04-CMP-001,trt,BRD-K12511835-003-03-9,1.6309,5.0,DMSO,K12511835,BRD-K12511835-003-01-2,BMS-863233,CDC inhibitor,BR00122248_24h,N02,4,449,487,449,480,972,428,477,492,1114,492,449,3,355,0.037911618897534395
295,S-C-7314-04-CMP-001,trt,BRD-K57080016-001-19-1,2.2884,5.0,DMSO,K57080016,BRD-K57080016-001-01-9,selumetinib,MEK inhibitor,BR00122248_24h,N03,4,544,588,544,583,1186,516,575,590,1333,590,544,3,355,0.021873571972581874
296,S-C-7314-04-CMP-001,trt,BRD-K33818169-003-04-6,3.0926,5.0,DMSO,K33818169,BRD-K33818169-003-04-6,GW-3965,LXR agonist,BR00122248_24h,N04,4,546,587,546,582,1154,508,577,589,1273,589,546,3,355,0.09178675486258762
297,S-C-7314-04-CMP-001,trt,BRD-K53665955-001-05-9,2.3097,5.0,DMSO,K53665955,BRD-K53665955-001-03-0,MK-5108,Aurora kinase inhibitor,BR00122248_24h,N05,4,489,526,489,517,1039,461,514,534,1194,534,489,3,355,0.03189560868885763
298,S-C-7314-04-CMP-001,trt,BRD-K94455792-001-01-8,2.7432,5.0,DMSO,K94455792,BRD-K94455792-001-01-8,ICG-001,beta-catenin inhibitor,BR00122248_24h,N06,4,477,513,477,502,1102,445,497,515,1189,515,477,3,355,0.34281654465140704
299,S-C-7314-04-CMP-001,trt,BRD-K30707190-001-06-9,1.6017,5.0,DMSO,K30707190,BRD-K30707190-001-04-1,PNU-74654,beta-catenin inhibitor,BR00122248_24h,N07,4,532,574,532,564,1014,497,555,579,1134,579,532,3,355,0.23015873015873015
300,S-C-7314-04-CMP-001,trt,BRD-K02965346-001-01-8,2.8404,5.0,DMSO,K02965346,BRD-K02965346-001-07-5,SU-11274,hepatocyte growth factor receptor inhibitor,BR00122248_24h,N08,4,439,499,439,486,1044,379,476,499,1142,499,439,3,355,0.9166666666666666
301,S-C-7314-04-CMP-001,trt,BRD-K28936863-051-14-0,2.1275,5.0,DMSO,K28936863,BRD-K28936863-051-32-2,ketotifen,phosphodiesterase inhibitor,BR00122248_24h,N09,4,597,648,597,640,1317,545,628,650,1455,650,597,3,355,0.03778860028860029
302,S-C-7314-04-CMP-001,trt,BRD-K04923131-001-17-9,1.7809,5.0,DMSO,K04923131,BRD-K04923131-001-15-4,GSK-3-inhibitor-IX,glycogen synthase kinase inhibitor,BR00122248_24h,N10,4,219,250,219,246,595,195,243,256,737,256,219,3,355,0.6765676567656765
303,S-C-7314-04-CMP-001,trt,BRD-K09372874-001-02-9,2.2623,5.0,DMSO,K09372874,BRD-K09372874-001-01-0,merimepodib,inosine monophosphate dehydrogenase inhibitor,BR00122248_24h,N11,4,444,474,444,471,898,428,467,477,1040,477,444,3,355,0.009041614777916146
304,S-C-7314-04-CMP-001,trt,BRD-K97452254-001-02-9,2.3578,5.0,DMSO,K97452254,BRD-K97452254-001-01-3,AMG-925,CDK inhibitor,BR00122248_24h,N12,4,505,535,505,530,1182,468,526,536,1290,536,505,3,355,0.037183258916046076
305,S-C-7314-04-CMP-001,trt,BRD-K66430217-001-05-9,1.6909,5.0,DMSO,K66430217,BRD-K66430217-001-03-8,KH-CB19,CDC inhibitor,BR00122248_24h,N13,4,523,570,523,562,1055,498,555,572,1204,572,523,3,355,0.014009579506314582
306,S-C-7314-04-CMP-001,trt,BRD-M87138257-003-01-1,2.3499,5.0,DMSO,M87138257,BRD-M87138257-003-01-1,acriflavine,hypoxia inducible factor inhibitor,BR00122248_24h,N14,4,139,165,139,152,235,133,152,222,344,222,139,3,355,1.0
307,S-C-7314-04-CMP-001,trt,BRD-K01826510-001-09-9,1.8745,5.0,DMSO,K01826510,BRD-K01826510-300-06-9,hydroxyzine,antihistamine,BR00122248_24h,N15,4,562,614,562,601,1147,511,592,618,1289,618,562,3,355,0.04876768971671317
308,S-C-7314-04-CMP-001,trt,BRD-K62391742-001-19-9,4.3422,5.0,DMSO,K62391742,BRD-K62391742-001-03-0,venetoclax,BCL inhibitor,BR00122248_24h,N16,4,525,585,525,579,1241,488,568,589,1332,589,525,3,355,0.3407708188069945
309,S-C-7314-04-CMP-001,trt,BRD-K82164249-001-03-5,2.2068,5.0,DMSO,K82164249,BRD-K82164249-001-03-5,andarine,androgen receptor modulator,BR00122248_24h,N17,4,571,624,571,609,1037,533,600,628,1179,628,571,3,355,0.017375246678175606
310,S-C-7314-04-CMP-001,trt,BRD-K68756823-001-12-9,1.6367,5.0,DMSO,K68756823,BRD-K68756823-001-07-1,FR-180204,MAP kinase inhibitor,BR00122248_24h,N18,4,505,544,505,535,1033,475,526,547,1225,547,505,3,355,0.016048950148905918
311,S-C-7314-04-CMP-001,trt,BRD-K06182768-001-02-3,1.6472,5.0,DMSO,K06182768,BRD-K06182768-001-06-4,A-366,histone lysine methyltransferase inhibitor,BR00122248_24h,N19,4,602,663,602,654,1218,554,642,667,1370,667,602,3,355,0.0125764176797133
312,S-C-7314-04-CMP-001,trt,BRD-K67772619-001-06-9,1.4213,5.0,DMSO,K67772619,BRD-K67772619-001-05-1,rheochrysidin,protein tyrosine kinase inhibitor,BR00122248_24h,N20,4,584,631,584,613,1097,524,603,635,1239,635,584,3,355,0.6720430107526881
313,S-C-7314-04-CMP-001,trt,BRD-K88677950-001-04-9,2.3812,5.0,DMSO,K88677950,BRD-K88677950-001-03-9,PD-198306,MAP kinase inhibitor,BR00122248_24h,N21,4,522,583,521,572,1010,497,563,591,1157,591,522,3,355,0.022593322737738657
314,S-C-7314-04-CMP-001,trt,BRD-K70446295-001-04-9,1.9172,5.0,DMSO,K70446295,BRD-K70446295-001-01-7,EPZ015666,protein arginine N-methyltransferase inhibitor,BR00122248_24h,N22,4,575,621,575,610,1164,518,597,624,1295,624,575,3,355,0.16837606837606836
315,S-C-7314-04-CMP-001,trt,BRD-K25611237-001-09-9,1.7471,5.0,DMSO,K25611237,BRD-K25611237-001-02-1,ML324,histone lysine demethylase inhibitor,BR00122248_24h,N23,4,579,620,579,611,1234,553,601,625,1395,625,579,3,355,0.1478114478114478
316,S-C-7314-04-CMP-001,trt,BRD-A87435144-001-01-6,2.3944,5.0,DMSO,A87435144,BRD-A87435144-001-01-6,AZD7545,pyruvate dehydrogenase kinase inhibitor,BR00122248_24h,N24,4,575,627,575,613,1020,521,600,635,1169,635,575,3,355,0.4322210636079249
317,S-C-7314-04-CMP-001,trt,BRD-K70578146-001-13-9,0.16697,0.133,DMSO,K70578146,BRD-K70578146-001-09-1,DACTINOMYCIN,Apoptosis inducer (transcription inhibitor),BR00122248_24h,O02,4,211,236,211,230,544,207,230,259,663,259,211,3,359,0.7254901960784315
318,S-C-7314-04-CMP-001,trt,BRD-K24600306-003-02-9,2.3445,5.0,DMSO,K24600306,BRD-K24600306-003-02-9,ML-298,phospholipase inhibitor,BR00122248_24h,O03,4,419,457,419,450,957,392,442,461,1122,461,419,3,355,0.3451447245564893
319,S-C-7314-04-CMP-001,trt,BRD-A12994259-001-11-9,1.3662,5.0,DMSO,A12994259,BRD-A12994259-001-02-1,pomalidomide,tumor necrosis factor production inhibitor,BR00122248_24h,O04,4,584,637,584,624,1179,537,609,639,1340,639,584,3,355,0.01749977275000927
320,S-C-7314-04-CMP-001,trt,BRD-K87632963-001-05-9,2.0918,5.0,DMSO,K87632963,BRD-K87632963-001-05-9,GNF-5,Bcr-Abl kinase inhibitor,BR00122248_24h,O05,4,559,597,559,590,1000,526,581,601,1130,601,559,3,355,0.102991452991453
321,S-C-7314-04-CMP-001,trt,BRD-K64881305-001-07-9,2.5853,5.0,DMSO,K64881305,BRD-K64881305-001-05-2,ispinesib,kinesin inhibitor,BR00122248_24h,O06,4,108,152,108,135,229,107,135,227,281,227,108,3,355,1.0
322,S-C-7314-04-CMP-001,trt,BRD-K25611237-001-09-9,1.7471,5.0,DMSO,K25611237,BRD-K25611237-001-02-1,ML324,histone lysine demethylase inhibitor,BR00122248_24h,O07,4,537,575,537,568,1131,499,556,578,1249,578,537,3,355,0.3688242651657286
323,S-C-7314-04-CMP-001,trt,BRD-K17953061-001-05-1,0.012596,0.027,DMSO,K17953061,BRD-K17953061-001-14-3,Staurosporine,Apoptosis inducer (ATP-competitive kinase inhibitor),BR00122248_24h,O08,4,311,366,311,343,637,266,339,384,737,384,311,3,359,0.6333333333333333
324,S-C-7314-04-CMP-001,trt,BRD-K30707190-001-06-9,1.6017,5.0,DMSO,K30707190,BRD-K30707190-001-04-1,PNU-74654,beta-catenin inhibitor,BR00122248_24h,O09,4,468,493,468,488,881,437,482,499,1015,499,468,3,355,0.24444444444444446
325,S-C-7314-04-CMP-001,trt,BRD-K70446295-001-04-9,1.9172,5.0,DMSO,K70446295,BRD-K70446295-001-01-7,EPZ015666,protein arginine N-methyltransferase inhibitor,BR00122248_24h,O10,4,480,528,480,516,1001,439,511,529,1140,529,480,3,355,0.041306177643471186
326,S-C-7314-04-CMP-001,trt,BRD-K06883221-001-02-9,2.0725,5.0,DMSO,K06883221,BRD-K06883221-001-01-9,apratastat,tumor necrosis factor production inhibitor,BR00122248_24h,O11,4,512,552,512,542,988,471,537,555,1098,555,512,3,355,0.17990338164251207
327,S-C-7314-04-CMP-001,trt,BRD-A22769835-300-05-7,1.9389,5.0,DMSO,A22769835,BRD-A22769835-300-05-7,homochlorcyclizine,antihistamine,BR00122248_24h,O13,4,433,499,433,494,1016,406,482,500,1151,500,433,3,355,0.009059910286090034
328,S-C-7314-04-CMP-001,trt,BRD-K12737986-001-01-4,1.2215,5.0,DMSO,K12737986,BRD-K12737986-001-01-4,veliparib,PARP inhibitor,BR00122248_24h,O14,4,448,495,448,480,889,407,475,499,1003,499,448,3,355,0.021616441977266716
329,S-C-7314-04-CMP-001,trt,BRD-K33818169-003-04-6,3.0926,5.0,DMSO,K33818169,BRD-K33818169-003-04-6,GW-3965,LXR agonist,BR00122248_24h,O15,4,570,624,570,615,1160,535,606,627,1295,627,570,3,355,0.0318714381791795
330,S-C-7314-04-CMP-001,trt,BRD-K68756823-001-12-9,1.6367,5.0,DMSO,K68756823,BRD-K68756823-001-07-1,FR-180204,MAP kinase inhibitor,BR00122248_24h,O16,4,495,537,495,522,957,452,508,544,1067,544,495,3,355,0.011785933423951624
331,S-C-7314-04-CMP-001,trt,BRD-K56932272-001-02-9,2.4378,5.0,DMSO,K56932272,BRD-K56932272-001-02-9,BMS-566419,inosine monophosphate dehydrogenase inhibitor,BR00122248_24h,O17,4,392,444,392,435,831,355,426,447,917,447,392,3,355,0.34100944979245784
332,S-C-7314-04-CMP-001,trt,BRD-A87435144-001-01-6,2.3944,5.0,DMSO,A87435144,BRD-A87435144-001-01-6,AZD7545,pyruvate dehydrogenase kinase inhibitor,BR00122248_24h,O19,4,459,493,459,481,777,432,477,502,895,502,459,3,355,0.40355871886121
333,S-C-7314-04-CMP-001,trt,BRD-K16803204-001-02-9,2.1275,5.0,DMSO,K16803204,BRD-K16803204-001-01-6,filgotinib,JAK inhibitor,BR00122248_24h,O20,4,462,515,462,505,936,434,497,521,1092,521,462,3,355,0.027821540936295033
334,S-C-7314-04-CMP-001,trt,BRD-K13094524-001-10-9,1.7369,5.0,DMSO,K13094524,BRD-K13094524-001-04-2,PFI-1,bromodomain inhibitor,BR00122248_24h,O21,4,446,500,446,472,706,390,467,517,840,517,446,3,355,0.36479641535164625
335,S-C-7314-04-CMP-001,trt,BRD-K86118762-001-05-9,2.1075,5.0,DMSO,K86118762,BRD-K86118762-001-08-9,linsitinib,IGF-1 inhibitor,BR00122248_24h,O22,4,476,508,476,504,1024,428,493,509,1097,509,476,3,355,0.20476190476190478
336,S-C-7314-04-CMP-001,trt,BRD-K73982490-001-04-9,1.8969,5.0,DMSO,K73982490,BRD-K73982490-001-02-9,BI-78D3,JNK inhibitor,BR00122248_24h,O23,4,502,560,502,541,942,459,536,564,1073,564,502,3,355,0.012704274677222543
337,S-C-7314-04-CMP-001,trt,BRD-K99113996-001-02-0,2.3127,5.0,DMSO,K99113996,BRD-K99113996-001-02-0,AZD2014,mTOR inhibitor,BR00122248_24h,O24,4,402,425,402,423,985,375,417,425,1097,425,402,3,355,0.020021589734233413
338,S-C-7314-04-CMP-001,trt,BRD-K32730239-001-03-9,1.3065,5.0,DMSO,K32730239,BRD-K32730239-001-01-0,SU3327,JNK inhibitor,BR00122248_24h,P01,4,471,511,471,505,1046,437,497,516,1193,516,471,3,355,0.043888888888888894
339,S-C-7314-04-CMP-001,trt,BRD-K54955827-001-03-9,1.6019,5.0,DMSO,K54955827,BRD-K54955827-001-02-2,niraparib,PARP inhibitor,BR00122248_24h,P02,4,392,418,392,416,1080,382,414,419,1288,419,392,3,355,0.02737975660920129
340,S-C-7314-04-CMP-001,trt,BRD-K19477839-001-10-9,1.797,5.0,DMSO,K19477839,BRD-K19477839-001-07-6,SGX523,hepatocyte growth factor receptor inhibitor,BR00122248_24h,P03,4,491,524,491,516,1028,448,504,529,1129,529,491,3,355,0.009693682570479466
341,S-C-7314-04-CMP-001,trt,BRD-K99433989-001-02-9,2.4503,5.0,DMSO,K99433989,BRD-K99433989-001-02-9,SAG,smoothened receptor agonist,BR00122248_24h,P04,4,503,531,503,528,1213,470,522,531,1334,531,503,3,355,0.44017094017094016
342,S-C-7314-04-CMP-001,trt,BRD-K66401437-001-03-3,2.8303,5.0,DMSO,K66401437,BRD-K66401437-001-03-3,THZ1,CDK inhibitor,BR00122248_24h,P05,4,86,95,86,92,204,84,92,122,246,122,86,3,355,1.0
343,S-C-7314-04-CMP-001,trt,BRD-K82941592-238-06-9,2.6182,5.0,DMSO,K82941592,BRD-K82941592-238-03-7,rosuvastatin,HMGCR inhibitor,BR00122248_24h,P07,4,461,498,461,485,858,421,480,502,990,502,461,3,355,0.04464197900909044
344,S-C-7314-04-CMP-001,trt,BRD-K72898849-001-03-9,2.5469,5.0,DMSO,K72898849,BRD-K72898849-001-01-8,BLU9931,FGFR inhibitor,BR00122248_24h,P08,4,491,512,491,511,1141,474,505,514,1253,514,491,3,355,0.34926765438352114
345,S-C-7314-04-CMP-001,trt,BRD-K69023402-001-03-3,0.2167,0.333,DMSO,K69023402,BRD-K69023402-001-07-4,Thapsigargin,ER stressor (SERCA inhibitor),BR00122248_24h,P09,4,196,203,196,202,454,195,202,217,573,217,196,3,359,0.5555555555555555
346,S-C-7314-04-CMP-001,trt,BRD-K28936863-051-14-0,2.1275,5.0,DMSO,K28936863,BRD-K28936863-051-32-2,ketotifen,phosphodiesterase inhibitor,BR00122248_24h,P10,4,500,532,500,525,1087,473,520,535,1208,535,500,3,355,0.031189083820662766
347,S-C-7314-04-CMP-001,trt,BRD-K70642949-001-06-9,2.313,5.0,DMSO,K70642949,BRD-K70642949-001-04-5,GSK2334470,phosphoinositide dependent kinase inhibitor,BR00122248_24h,P11,4,475,508,475,499,1114,453,494,510,1213,510,475,3,355,0.9166666666666666
348,S-C-7314-04-CMP-001,trt,BRD-K85776940-001-01-9,1.983,5.0,DMSO,K85776940,BRD-K85776940-001-01-9,delta-Tocotrienol,HMGCR inhibitor,BR00122248_24h,P12,4,475,513,475,503,875,442,494,513,1032,513,475,3,355,0.022137613219615247
349,S-C-7314-04-CMP-001,trt,BRD-K75009076-001-04-9,1.8813,5.0,DMSO,K75009076,BRD-K75009076-001-02-1,SCH-900776,CHK inhibitor,BR00122248_24h,P13,4,250,271,250,264,658,246,263,280,787,280,250,3,355,0.3885679537853451
350,S-C-7314-04-CMP-001,trt,BRD-K53665955-001-05-9,2.3097,5.0,DMSO,K53665955,BRD-K53665955-001-03-0,MK-5108,Aurora kinase inhibitor,BR00122248_24h,P14,4,399,437,399,426,817,369,424,446,947,446,399,3,355,0.027688957494900492
351,S-C-7314-04-CMP-001,trt,BRD-K62391742-001-19-9,4.3422,5.0,DMSO,K62391742,BRD-K62391742-001-03-0,venetoclax,BCL inhibitor,BR00122248_24h,P15,4,519,560,519,554,1231,484,543,561,1345,561,519,3,355,0.3402875788610236
352,S-C-7314-04-CMP-001,trt,BRD-K13606314-001-02-9,1.7411,5.0,DMSO,K13606314,BRD-K13606314-001-01-3,P5091,ubiquitin specific protease inhibitor,BR00122248_24h,P16,4,449,476,449,468,875,420,462,480,991,480,449,3,355,0.014532816217338112
353,S-C-7314-04-CMP-001,trt,BRD-K17953061-001-05-1,0.012596,0.027,DMSO,K17953061,BRD-K17953061-001-14-3,Staurosporine,Apoptosis inducer (ATP-competitive kinase inhibitor),BR00122248_24h,P17,4,313,360,313,348,669,283,344,395,795,395,313,3,359,0.8333333333333334
354,S-C-7314-04-CMP-001,trt,BRD-K21728777-001-03-9,2.5179,5.0,DMSO,K21728777,BRD-K21728777-001-02-3,AMG900,Aurora kinase inhibitor,BR00122248_24h,P18,4,247,265,247,264,840,239,263,268,942,268,247,3,355,0.17467880000635252
355,S-C-7314-04-CMP-001,trt,BRD-K85606544-001-07-5,2.7852,5.0,DMSO,K85606544,BRD-K85606544-001-09-1,neratinib,EGFR inhibitor,BR00122248_24h,P19,4,354,389,354,381,843,317,372,391,921,391,354,3,355,0.3620933521923621
356,S-C-7314-04-CMP-001,trt,BRD-K63631219-001-01-6,1.1784,5.0,DMSO,K63631219,BRD-K63631219-001-01-6,quazinone,phosphodiesterase inhibitor,BR00122248_24h,P20,4,509,556,509,550,1058,479,547,562,1192,562,509,3,355,0.027115897826915744
357,S-C-7314-04-CMP-001,trt,BRD-K13094524-001-10-9,1.7369,5.0,DMSO,K13094524,BRD-K13094524-001-04-2,PFI-1,bromodomain inhibitor,BR00122248_24h,P21,4,468,520,468,491,756,426,487,532,867,532,468,3,355,0.3543002544529262
358,S-C-7314-04-CMP-001,trt,BRD-K82941592-238-06-9,2.6182,5.0,DMSO,K82941592,BRD-K82941592-238-03-7,rosuvastatin,HMGCR inhibitor,BR00122248_24h,P22,4,452,486,452,478,886,415,472,490,992,490,452,3,355,0.026664260300108284
359,S-C-7314-04-CMP-001,trt,BRD-K36234266-001-10-6,1.0702,5.0,DMSO,K36234266,BRD-K36234266-001-09-8,carmustine,DNA inhibitor,BR00122248_24h,P24,4,526,582,526,570,1106,481,557,588,1238,588,526,3,355,0.010704306377383302
